DW_DATE_KEY|DW_BUDGET_SBU_KEY|DW_BUDGET_ITEM_KEY|BUDGET_AMT|ACTUAL_AMT|VARIANCE
20121031|140|2|242400000|6523963.67|235876036.33
20121031|141|1|898000000|347323903.78|550676096.22
20121031|141|2|179600000|69222748.24|110377251.76
20121031|142|1|1358000000|0|1358000000
20121031|142|2|271600000|0|271600000
20121031|143|1|1406000000|699001005.58|706998994.42
20121031|143|2|281200000|48992170.54|232207829.46
20121031|144|1|1406000000|782119768.4|623880231.6
20121031|144|2|281200000|5824726.07|275375273.93
20121031|145|1|1246000000|465164437.44|780835562.56
20121031|145|2|249200000|25215561.92|223984438.08
20121031|146|1|1166000000|462140093.49|703859906.51
20121031|146|2|233200000|61970927.02|171229072.98
20121031|147|1|755000000|421824058.12|333175941.88
20121031|147|2|151000000|24895707.28|126104292.72
20121031|148|1|1525000000|3238.22|1524996761.78
20121031|148|2|305000000|0|305000000
20121031|149|1|1414000000|336708543.09|1077291456.91
20121031|149|2|282800000|8483105.3|274316894.7
20121031|150|1|881000000|334141166.21|546858833.79
20121031|150|2|176200000|10527692.1|165672307.9
20121031|151|1|1700000000|909740940.9|790259059.1
20121031|151|2|340000000|29337701.5|310662298.5
20121031|152|1|1834000000|1134318845.39|699681154.61
20121031|152|2|458500000|139541183.64|318958816.36
20121031|153|1|2528000000|680452856.93|1847547143.07
20121031|153|2|632000000|148259020.61|483740979.39
20121031|154|1|1368000000|818720502.34|549279497.66
20121031|154|2|342000000|5324322.76|336675677.24
20121031|155|1|1130000000|560995163.88|569004836.12
20121031|155|2|282500000|100518831.25|181981168.75
20121031|156|1|1495000000|628949600.51|866050399.49
20121031|156|2|373750000|39357289.72|334392710.28
20121031|157|1|1244000000|644213503.93|599786496.07
20121031|157|2|311000000|85548652.54|225451347.46
20121031|158|1|1153000000|1508310451.25|-355310451.25
20121031|158|2|288250000|472278102.94|-184028102.94
20121031|159|1|1630000000|1394532775.4|235467224.6
20121031|159|2|407500000|20966998.5|386533001.5
20121031|160|1|2480000000|539346810.46|1940653189.54
20121031|160|2|620000000|1741438.02|618258561.98
20121031|161|1|47204000000|14037318610.98|33166681389.02
20121031|161|2|4720400000|12186921.33|4708213078.67
20121130|19|1|1833000000|574912506.59|1258087493.41
20121130|19|2|366600000|151825192.81|214774807.19
20121130|20|1|1610000000|921379390.59|688620609.41
20121130|91|2|233800000|43491331.93|190308668.07
20121130|92|1|1943000000|1752307961.87|190692038.13
20121130|92|2|388600000|739350275.19|-350750275.19
20121130|93|1|979000000|640166442.77|338833557.23
20121130|93|2|195800000|366496699.64|-170696699.64
20121130|94|1|1643000000|604595819.53|1038404180.47
20121130|94|2|328600000|236383669.31|92216330.69
20121130|95|1|1321000000|372263663.58|948736336.42
20121130|95|2|264200000|372640014.01|-108440014.01
20121130|96|1|1322000000|601987650.36|720012349.64
20121130|96|2|264400000|57649583.71|206750416.29
20121130|97|1|848000000|93141557.8|754858442.2
20121130|97|2|169600000|39419180.15|130180819.85
20121130|98|1|2025000000|853962970.77|1171037029.23
20121130|98|2|405000000|654090974.95|-249090974.95
20121130|99|1|712000000|420403441.18|291596558.82
20121130|99|2|142400000|134331929.04|8068070.96
20121130|100|1|589000000|2182994.52|586817005.48
20121130|100|2|117800000|4236190.66|113563809.34
20121130|101|1|1325000000|852631939.79|472368060.21
20121130|101|2|265000000|204583058.73|60416941.27
20121130|102|1|1276000000|574056157.45|701943842.55
20121130|102|2|255200000|112014114.92|143185885.08
20121130|103|1|824000000|499751411.04|324248588.96
20121130|103|2|164800000|534189486.01|-369389486.01
20121130|104|1|1731000000|926079624.43|804920375.57
20121130|104|2|346200000|171745517.71|174454482.29
20121130|105|1|1034000000|856663383.61|177336616.39
20121130|105|2|206800000|55715199.92|151084800.08
20121130|106|1|506000000|180199931.75|325800068.25
20121130|106|2|101200000|61048502.95|40151497.05
20121130|107|1|765000000|689206416.48|75793583.52
20121130|107|2|153000000|497183039.52|-344183039.52
20121130|108|1|0|0|0
20121130|108|2|0|0|0
20121130|109|1|488000000|317291197.49|170708802.51
20121130|109|2|97600000|142208217.13|-44608217.13
20121130|110|1|490000000|224397640.61|265602359.39
20121130|110|2|98000000|59761771.39|38238228.61
20121130|111|1|830000000|514934541.63|315065458.37
20121130|111|2|166000000|42850582.27|123149417.73
20121130|112|1|491000000|361612885.54|129387114.46
20121130|112|2|98200000|64967390.42|33232609.58
20121130|113|1|0|90490.82|-90490.82
20121130|113|2|0|0|0
20121130|114|1|479000000|344615280.37|134384719.63
20121130|114|2|95800000|5779201.63|90020798.37
20121130|115|1|782000000|447806806.42|334193193.58
20121130|115|2|156400000|117517508.51|38882491.49
20121130|116|1|2705000000|756343319.3|1948656680.7
20121130|116|2|541000000|48940840.2|492059159.8
20121130|117|1|1158000000|350522189.35|807477810.65
20121130|117|2|231600000|34439266.87|197160733.13
20121130|118|1|1882000000|1438173904.07|443826095.93
20121130|118|2|376400000|24768806.53|351631193.47
20121130|119|1|1355000000|1442177952.43|-87177952.43
20121130|119|2|271000000|17595565.67|253404434.33
20121130|120|1|596000000|213099424.85|382900575.15
20121130|120|2|119200000|31714508.06|87485491.94
20121130|121|1|486000000|225956343.46|260043656.54
20121130|121|2|97200000|93356931.28|3843068.72
20121130|122|1|965000000|293034843.32|671965156.68
20121130|122|2|193000000|30557138.15|162442861.85
20121130|123|1|1008000000|369784009.28|638215990.72
20121130|123|2|201600000|91614349.82|109985650.18
20121130|124|1|1046000000|335251726|710748274
20121130|124|2|209200000|26633040.09|182566959.91
20121130|125|1|899000000|386400336.92|512599663.08
20121130|125|2|179800000|29981241.52|149818758.48
20121130|126|1|818000000|251739913.52|566260086.48
20121130|126|2|163600000|51280574.16|112319425.84
20121130|127|1|852000000|296848033.22|555151966.78
20121130|127|2|170400000|116945851.14|53454148.86
20121130|128|1|16159000000|1085653.35|16157914346.65
20121130|128|2|1615900000|0|1615900000
20121130|129|1|1608000000|985485761.18|622514238.82
20121130|129|2|321600000|45669891|275930109
20121130|130|1|2346000000|889981540.22|1456018459.78
20121130|130|2|469200000|92892012.69|376307987.31
20121130|131|1|1435000000|438668925.95|996331074.05
20121130|131|2|287000000|11210356.82|275789643.18
20121130|132|1|2754000000|1849219039.31|904780960.69
20121130|132|2|550800000|133058227.11|417741772.89
20121130|133|1|4643000000|2771117903.2|1871882096.8
20121130|133|2|464300000|8777596.15|455522403.85
20121130|134|1|1460000000|581355842.77|878644157.23
20121130|134|2|292000000|6386652.12|285613347.88
20121130|135|1|2229000000|1477732940.35|751267059.65
20121130|135|2|445800000|75409718.92|370390281.08
20121130|136|1|2325000000|324324.74|2324675675.26
20121130|136|2|465000000|0|465000000
20121130|137|1|1897000000|455627226.43|1441372773.57
20121130|137|2|379400000|1860650.26|377539349.74
20121130|138|1|1460000000|1706504.94|1458293495.06
20121130|138|2|292000000|0|292000000
20121130|139|1|1453000000|915995107.51|537004892.49
20121130|139|2|290600000|15766283.83|274833716.17
20121130|140|1|1257000000|524832445.89|732167554.11
20121130|140|2|251400000|5931770.8|245468229.2
20121130|141|1|953000000|342975546.95|610024453.05
20121130|141|2|190600000|72186073.62|118413926.38
20121130|142|1|1429000000|0|1429000000
20121130|142|2|285800000|0|285800000
20121130|143|1|1465000000|679389943.34|785610056.66
20121130|143|2|293000000|39838497.5|253161502.5
20121130|144|1|1457000000|767311696.13|689688303.87
20121130|144|2|291400000|5546607.85|285853392.15
20121130|49|1|2705000000|1464954257.55|1240045742.45
20121130|49|2|676250000|81460538.48|594789461.52
20121130|50|1|1520000000|549516178.99|970483821.01
20121130|50|2|380000000|105030170.6|274969829.4
20121130|51|1|1107000000|517270810.54|589729189.46
20121130|51|2|276750000|283897745.44|-7147745.44
20121130|52|1|1450000000|587835080.64|862164919.36
20121130|52|2|362500000|80710859.5|281789140.5
20121130|53|1|1403000000|886980557.82|516019442.18
20121130|53|2|350750000|525070467.68|-174320467.68
20121130|54|1|1224000000|175899213.89|1048100786.11
20121130|54|2|306000000|20478238.67|285521761.33
20121130|55|1|1677000000|455725626.77|1221274373.23
20121130|55|2|419250000|101165692.12|318084307.88
20121130|56|1|1249000000|318417533.37|930582466.63
20121130|56|2|312250000|7625167.79|304624832.21
20121130|57|1|1183000000|259389711.15|923610288.85
20121130|57|2|295750000|24956515.89|270793484.11
20121130|58|1|1324000000|589571027.98|734428972.02
20121130|58|2|331000000|24365838.57|306634161.43
20121130|59|1|2229000000|858914639.15|1370085360.85
20121130|59|2|557250000|273087548.73|284162451.27
20121130|60|1|1243000000|494675223.39|748324776.61
20121130|60|2|310750000|19013347.62|291736652.38
20121130|61|1|1471000000|549381600.5|921618399.5
20121130|61|2|367750000|4956170.86|362793829.14
20121130|62|1|1324000000|417188939.83|906811060.17
20121130|62|2|331000000|94817443.56|236182556.44
20121130|63|1|1929000000|1597018022.76|331981977.24
20121130|63|2|482250000|233971702.33|248278297.67
20121130|64|1|3411000000|1634985236|1776014764
20121130|64|2|852750000|90824680.63|761925319.37
20121130|65|1|1522000000|690297601.59|831702398.41
20121130|65|2|380500000|12284068.97|368215931.03
20121130|66|1|1529000000|553016657.55|975983342.45
20121130|66|2|382250000|14250700.5|367999299.5
20121130|67|1|1415000000|505912048.77|909087951.23
20121130|67|2|353750000|14305078.91|339444921.09
20121130|68|1|1896000000|985839268.77|910160731.23
20121130|68|2|474000000|660119980.34|-186119980.34
20121130|69|1|1662000000|810050960.95|851949039.05
20121130|69|2|415500000|19418687.72|396081312.28
20121130|70|1|1751000000|454322352.38|1296677647.62
20121130|70|2|437750000|558088264.98|-120338264.98
20121130|71|1|1269000000|395222253.36|873777746.64
20121130|71|2|317250000|44677468.73|272572531.27
20121130|72|1|1049000000|256977290.87|792022709.13
20121130|72|2|262250000|10297165.46|251952834.54
20121130|73|1|1317000000|653292349.26|663707650.74
20121130|73|2|329250000|54426230.02|274823769.98
20121130|74|1|1231000000|369115601.09|861884398.91
20121130|74|2|307750000|237282604.44|70467395.56
20121130|75|1|1913000000|839646831.89|1073353168.11
20121130|75|2|478250000|395517709.87|82732290.13
20121130|76|1|1403000000|444008790.56|958991209.44
20121130|76|2|350750000|87480693.02|263269306.98
20121130|77|1|1690000000|724985531.03|965014468.97
20121130|77|2|422500000|303305391.85|119194608.15
20121130|78|1|1759000000|824223315.41|934776684.59
20121130|78|2|439750000|229315858.63|210434141.37
20121130|79|1|2237000000|396305328.71|1840694671.29
20121130|79|2|559250000|197810962.27|361439037.73
20121130|80|1|1626000000|696079099.7|929920900.3
20121130|80|2|406500000|44108978.94|362391021.06
20121130|81|1|4275000000|1212088109.84|3062911890.16
20121130|81|2|1068750000|399225082.27|669524917.73
20121130|82|1|3197000000|1250901496.68|1946098503.32
20121130|82|2|799250000|1248084631.42|-448834631.42
20121130|83|1|2682000000|6485.23|2681993514.77
20121130|83|2|670500000|0|670500000
20121130|84|1|3179000000|849299631.12|2329700368.88
20121130|84|2|794750000|110115141.81|684634858.19
20121130|85|1|2884000000|9299502.77|2874700497.23
20121130|85|2|721000000|0|721000000
20121130|86|1|2820000000|736215271.6|2083784728.4
20121130|86|2|705000000|319490791.73|385509208.27
20121231|140|1|1301000000|461357872.64|839642127.36
20121231|140|2|260200000|6068614.49|254131385.51
20121231|141|1|1008000000|442383139.53|565616860.47
20121231|141|2|201600000|70503000.08|131096999.92
20121231|142|1|1502000000|0|1502000000
20121231|142|2|300400000|0|300400000
20121231|143|1|1524000000|877375034.91|646624965.09
20121231|143|2|304800000|45071667.56|259728332.44
20121231|144|1|1511000000|764535086.82|746464913.18
20121231|144|2|302200000|7339380.17|294860619.83
20121231|145|1|1365000000|500192385.42|864807614.58
20121231|145|2|273000000|49196177.17|223803822.83
20121231|146|1|1300000000|534321657.72|765678342.28
20121231|146|2|260000000|342584145.46|-82584145.46
20121231|147|1|800000000|446872730.86|353127269.14
20121231|147|2|160000000|34575289.93|125424710.07
20121231|148|1|1651790000|10156.04|1651779843.96
20121231|148|2|330358000|0|330358000
20121231|149|1|1600000000|375451293.41|1224548706.59
20121231|149|2|320000000|37373871.88|282626128.12
20121231|150|1|1000000000|411534045.9|588465954.1
20121231|150|2|200000000|16294476.84|183705523.16
20121231|151|1|1870000000|1214969557.57|655030442.43
20121231|151|2|374000000|208399039.13|165600960.87
20121231|152|1|2000000000|1241475091.62|758524908.38
20121231|152|2|500000000|198019951.82|301980048.18
20121231|153|1|2700000000|714771979.23|1985228020.77
20121231|153|2|675000000|100761758.39|574238241.61
20121231|154|1|1527000000|973561811.21|553438188.79
20121231|154|2|381750000|5884.65|381744115.35
20121231|155|1|1232000000|543534865.77|688465134.23
20121130|20|2|322000000|10234389.7|311765610.3
20120731|53|1|1151000000|630213671.21|520786328.79
20120731|53|2|287750000|28452019.69|259297980.31
20120731|54|1|960000000|216740409.66|743259590.34
20120731|54|2|240000000|27520852.16|212479147.84
20120731|55|1|1365000000|575893301.91|789106698.09
20120731|55|2|341250000|17979001.48|323270998.52
20120731|56|1|929000000|317978364.72|611021635.28
20120731|56|2|232250000|10625147.31|221624852.69
20120731|57|1|875000000|276892727.24|598107272.76
20120731|57|2|218750000|43443876.99|175306123.01
20120731|58|1|984000000|494248138.57|489751861.43
20120731|58|2|246000000|74430913.68|171569086.32
20120731|59|1|1597000000|708212080.59|888787919.41
20120731|59|2|399250000|32419942.49|366830057.51
20120731|60|1|963000000|469048548.38|493951451.62
20120731|60|2|240750000|10570866.21|230179133.79
20120731|61|1|1167000000|498584941.62|668415058.38
20120731|61|2|291750000|10343948.73|281406051.27
20120731|62|1|1008000000|316912028.29|691087971.71
20120731|62|2|252000000|72282008.13|179717991.87
20120731|63|1|1733000000|1287702272.65|445297727.35
20120731|63|2|433250000|236088749.35|197161250.65
20120731|64|1|2531000000|1354016946.79|1176983053.21
20120731|64|2|632750000|17848921.44|614901078.56
20120731|65|1|1190000000|549132143.19|640867856.81
20120731|65|2|297500000|14769267.68|282730732.32
20120731|66|1|1205000000|554332222.16|650667777.84
20120731|66|2|301250000|14960733.99|286289266.01
20120731|67|1|1079000000|783493196.66|295506803.34
20120731|67|2|269750000|21410255.15|248339744.85
20120731|68|1|1460000000|421139522.23|1038860477.77
20120731|68|2|365000000|238160630.11|126839369.89
20120731|69|1|1206000000|539537238.52|666462761.48
20120731|69|2|301500000|25598151.83|275901848.17
20120731|70|1|1331000000|303299853.12|1027700146.88
20120731|70|2|332750000|407283097|-74533097
20120731|71|1|997000000|328239892.49|668760107.51
20120731|71|2|249250000|56805838.15|192444161.85
20120731|72|1|697000000|147109828.54|549890171.46
20120731|72|2|174250000|3611042.4|170638957.6
20120731|73|1|997000000|647488087.27|349511912.73
20120731|73|2|249250000|30074709.34|219175290.66
20120731|74|1|955000000|244564974.84|710435025.16
20120731|74|2|238750000|39242735.79|199507264.21
20120731|75|1|1545000000|695471168.75|849528831.25
20120731|75|2|386250000|187716914.08|198533085.92
20120731|76|1|1151000000|569789504.82|581210495.18
20120731|76|2|287750000|79743355.18|208006644.82
20120731|77|1|1250000000|571799688.68|678200311.32
20120731|77|2|312500000|190940253.61|121559746.39
20120731|78|1|1423000000|798212373.06|624787626.94
20120731|78|2|355750000|121295573.2|234454426.8
20120731|79|1|1689000000|320252034.38|1368747965.62
20120731|79|2|422250000|63818709.56|358431290.44
20120731|80|1|1318000000|577130829.17|740869170.83
20120731|80|2|329500000|44490794.85|285009205.15
20120731|81|1|3411000000|2251161582.06|1159838417.94
20120731|81|2|852750000|375069203.72|477680796.28
20120731|82|1|2337000000|1200351183.97|1136648816.03
20120731|82|2|584250000|730309108.58|-146059108.58
20120731|83|1|1754000000|7007.06|1753992992.94
20120731|83|2|438500000|0|438500000
20120731|84|1|2223000000|1013335930.06|1209664069.94
20120731|84|2|555750000|100383725.88|455366274.12
20120731|85|1|1972000000|967882.33|1971032117.67
20120731|85|2|493000000|0|493000000
20120731|86|1|2092000000|1782077242.03|309922757.97
20120731|86|2|523000000|290855798.96|232144201.04
20120731|87|1|2173000000|1345922671.65|827077328.35
20120731|87|2|543250000|369396710.84|173853289.16
20120731|88|1|1844000000|835690560.31|1008309439.69
20120731|88|2|461000000|267991751.54|193008248.46
20120731|89|1|2358000000|1186292046.7|1171707953.3
20120731|89|2|589500000|309546286.68|279953713.32
20120731|90|1|1138000000|458162841.32|679837158.68
20120731|90|2|284500000|309969424.1|-25469424.1
20120731|91|1|1053000000|697129296.24|355870703.76
20120731|91|2|210600000|25523737.63|185076262.37
20120731|92|1|1699000000|1583821361.44|115178638.56
20120731|92|2|339800000|86362953.7|253437046.3
20120731|93|1|875000000|461642411.87|413357588.13
20120731|93|2|175000000|28239218.21|146760781.79
20120731|94|1|1419000000|645356104.52|773643895.48
20120731|94|2|283800000|54510871.07|229289128.93
20120731|95|1|1057000000|305056575.8|751943424.2
20120731|95|2|211400000|127361908.06|84038091.94
20120731|96|1|1082000000|409173767.01|672826232.99
20120731|96|2|216400000|106741909.25|109658090.75
20120731|97|1|696000000|140533995.05|555466004.95
20120731|97|2|139200000|165902926.85|-26702926.85
20120731|98|1|1717000000|910334643.57|806665356.43
20120731|98|2|343400000|713001885.81|-369601885.81
20120731|99|1|632000000|226412663.93|405587336.07
20120731|99|2|126400000|49899377.26|76500622.74
20120731|100|1|549000000|2231691.14|546768308.86
20120731|100|2|109800000|3775971.03|106024028.97
20120731|101|1|1097000000|496676082.98|600323917.02
20120731|101|2|219400000|8153493.24|211246506.76
20120731|102|1|1056000000|508580972.29|547419027.71
20120731|102|2|211200000|14723763.28|196476236.72
20120731|103|1|736000000|201538656.14|534461343.86
20120731|103|2|147200000|32163723.24|115036276.76
20120731|104|1|1459000000|792673333.13|666326666.87
20120731|104|2|291800000|11811015.75|279988984.25
20120731|105|1|950000000|574339862.76|375660137.24
20120731|105|2|190000000|52714512.56|137285487.44
20121231|155|2|308000000|100583658.68|207416341.32
20121231|156|1|1619000000|656549373.62|962450626.38
20121231|156|2|404750000|46675113.64|358074886.36
20121231|157|1|1344444000|521549989.3|822894010.7
20121231|157|2|336111000|329451.56|335781548.44
20121231|158|1|1317000000|1482242938.12|-165242938.12
20121231|158|2|329250000|475085365.53|-145835365.53
20121231|159|1|1791000000|1296358198.61|494641801.39
20121231|159|2|447750000|19400423.26|428349576.74
20121231|160|1|2800000000|821556066.26|1978443933.74
20121231|160|2|700000000|1590043.44|698409956.56
20121231|161|1|52000000000|14183567520.13|37816432479.87
20121231|161|2|5200000000|162253201.29|5037746798.71
20121130|145|1|1307000000|473670785.64|833329214.36
20121130|145|2|261400000|27337812.96|234062187.04
20121130|146|1|1231000000|573049917.3|657950082.7
20121130|146|2|246200000|352461561.97|-106261561.97
20121130|147|1|779000000|409450966.44|369549033.56
20121130|147|2|155800000|20785768.01|135014231.99
20121130|148|1|1587000000|3144.48|1586996855.52
20121130|148|2|317400000|0|317400000
20121130|149|1|1506000000|316748767.01|1189251232.99
20121130|149|2|301200000|16696752.8|284503247.2
20121130|150|1|941000000|340132110.88|600867889.12
20121130|150|2|188200000|11472777.72|176727222.28
20121130|151|1|1785000000|927574585.34|857425414.66
20121130|151|2|357000000|17851344.45|339148655.55
20121130|152|1|1918000000|691176796.54|1226823203.46
20120731||1|0|16731867210.11|-16731867210.11
20120731||2|0|6141016251.42|-6141016251.42
20120731|1|1|2321000000|570850309|1750149691
20120731|1|2|580250000|491415.83|579758584.17
20120731|2|1|1715000000|1068893663.67|646106336.33
20120731|2|2|428750000|66464423.44|362285576.56
20120731|3|1|1292000000|681277890.94|610722109.06
20120731|3|2|323000000|6583028.1|316416971.9
20120731|4|1|1132000000|383422992.75|748577007.25
20120731|4|2|283000000|28636463.63|254363536.37
20120731|5|1|1104000000|655037447.35|448962552.65
20120731|5|2|276000000|33463527.26|242536472.74
20120731|6|1|1347000000|730514511.78|616485488.22
20120731|6|2|336750000|11824470.17|324925529.83
20120731|7|1|1301000000|560172456.28|740827543.72
20120731|7|2|260200000|16410803.77|243789196.23
20120731|8|1|2561000000|1593228676.28|967771323.72
20120731|8|2|512200000|364445522.47|147754477.53
20120731|9|1|1136000000|462663636.48|673336363.52
20120731|9|2|227200000|73713866.78|153486133.22
20120731|10|1|2181000000|1451173414.92|729826585.08
20120731|10|2|436200000|152304960|283895040
20120731|11|1|1520000000|767696748.13|752303251.87
20120731|11|2|304000000|20851102.16|283148897.84
20120731|12|1|1444000000|827990908.79|616009091.21
20120731|12|2|288800000|4001167.24|284798832.76
20120731|13|1|1896000000|647010818.9|1248989181.1
20120731|13|2|379200000|630123182.02|-250923182.02
20120731|14|1|1232000000|283208807.86|948791192.14
20120731|14|2|246400000|2019413.1|244380586.9
20120731|15|1|1595000000|303490622|1291509378
20120731|15|2|319000000|7130.14|318992869.86
20120731|16|1|2488000000|1564407749.21|923592250.79
20120731|16|2|497600000|9145222.35|488454777.65
20120731|17|1|1441000000|665505527.54|775494472.46
20120731|17|2|288200000|10462.77|288189537.23
20120731|18|1|1608000000|303822315.23|1304177684.77
20120731|18|2|321600000|7771374.27|313828625.73
20120731|19|1|1385000000|335408174.79|1049591825.21
20120731|19|2|277000000|24459863.01|252540136.99
20120731|20|1|1366000000|1175791602.08|190208397.92
20120731|20|2|273200000|6493947.96|266706052.04
20120731|21|1|1362000000|825793470.05|536206529.95
20120731|21|2|272400000|139590622.22|132809377.78
20120731|22|1|1805000000|1443741510.34|361258489.66
20120731|22|2|361000000|3553660.94|357446339.06
20120731|23|1|1074000000|804995895.66|269004104.34
20120731|23|2|214800000|68112.84|214731887.16
20120731|24|1|1477000000|1069891562.97|407108437.03
20120731|24|2|295400000|59088868.63|236311131.37
20120731|25|1|1251000000|596611973.4|654388026.6
20120731|25|2|250200000|3064870.69|247135129.31
20120731|26|1|2196000000|1576028079.81|619971920.19
20120731|26|2|439200000|399148902.43|40051097.57
20120731|27|1|1442000000|382273407.54|1059726592.46
20120731|27|2|288400000|2170447.01|286229552.99
20120731|28|1|2772000000|1770761110.77|1001238889.23
20120731|28|2|554400000|882683975.28|-328283975.28
20120731|29|1|1330000000|754075811.12|575924188.88
20120731|29|2|266000000|16561222.48|249438777.52
20120731|30|1|1195000000|452310541.51|742689458.49
20120731|30|2|239000000|1289289.93|237710710.07
20120731|31|1|3108000000|2632572292.82|475427707.18
20120731|31|2|621600000|3001846.81|618598153.19
20120731|32|1|1775000000|1110053831.1|664946168.9
20121130|18|2|425600000|44284998.21|381315001.79
20120731|32|2|355000000|1481984.51|353518015.49
20120731|33|1|1876000000|639134310.23|1236865689.77
20120731|33|2|375200000|259769154.6|115430845.4
20120731|34|1|1703000000|1091466932.98|611533067.02
20120731|34|2|340600000|1974356.72|338625643.28
20120731|35|1|2948000000|850327283|2097672717
20120731|35|2|589600000|48902688.95|540697311.05
20120731|36|1|5374000000|0|5374000000
20120731|36|2|537400000|0|537400000
20120731|37|1|10746000000|5806804088.2|4939195911.8
20120731|37|2|0|264104.75|-264104.75
20120731|38|1|2164000000|923410971.21|1240589028.79
20120731|38|2|7812040000|935341714.01|6876698285.99
20120731|39|1|1450000000|288574032.61|1161425967.39
20120731|39|2|5234500000|53319622.7|5181180377.3
20120731|40|1|1630000000|621464259.84|1008535740.16
20120731|40|2|5884300000|891903963.08|4992396036.92
20120731|41|1|1293000000|744467282.67|548532717.33
20120731|41|2|4667730000|0|4667730000
20120731|42|1|772000000|77525058.74|694474941.26
20120731|42|2|2786920000|255594640.63|2531325359.37
20120731|43|1|50134000000|28501973551.76|21632026448.24
20120731|43|2|2506700000|4.58|2506699995.42
20120731|44|1|1710000000|591781970.19|1118218029.81
20120731|44|2|427500000|166663152.31|260836847.69
20120731|45|1|1043000000|304315543.63|738684456.37
20120731|45|2|260750000|15061276.56|245688723.44
20120731|46|1|1624000000|485636574.6|1138363425.4
20120731|46|2|406000000|298924323.01|107075676.99
20120731|47|1|1584000000|515611201.31|1068388798.69
20120731|47|2|396000000|61196197.37|334803802.63
20120731|48|1|937000000|489229185.91|447770814.09
20120731|48|2|234250000|415522780.54|-181272780.54
20120731|49|1|1949000000|1221485482.82|727514517.18
20120731|49|2|487250000|95627288.13|391622711.87
20120731|50|1|1216000000|444464318.11|771535681.89
20120731|50|2|304000000|56314285.45|247685714.55
20120731|51|1|783000000|259926063.37|523073936.63
20120731|51|2|195750000|18269787.3|177480212.7
20120731|52|1|1134000000|598058860.99|535941139.01
20120731|52|2|283500000|69737151.59|213762848.41
20120831||1|0|17246972512.93|-17246972512.93
20120831||2|0|5942253605.24|-5942253605.24
20120831|1|1|2403000000|574732781.99|1828267218.01
20120831|1|2|600750000|515022.82|600234977.18
20120831|2|1|1791000000|999249059.47|791750940.53
20120831|2|2|447750000|65798736.57|381951263.43
20120831|3|1|1384000000|676644275.92|707355724.08
20120831|3|2|346000000|5484606.6|340515393.4
20120831|4|1|1188000000|320438982.36|867561017.64
20120831|4|2|297000000|27521838.81|269478161.19
20120831|5|1|1164000000|763925773.37|400074226.63
20120831|5|2|291000000|30032784.52|260967215.48
20120831|6|1|1385000000|597787096.29|787212903.71
20120831|6|2|346250000|6590965.27|339659034.73
20120831|7|1|1365000000|569800155.84|795199844.16
20120831|7|2|273000000|32986360.8|240013639.2
20120831|8|1|2727000000|1444615849.24|1282384150.76
20120831|8|2|545400000|358033477.04|187366522.96
20120831|9|1|1209000000|428316718.74|780683281.26
20120831|9|2|241800000|79670418.19|162129581.81
20120831|10|1|2347000000|1338764436.22|1008235563.78
20120831|10|2|469400000|197100637.16|272299362.84
20120831|11|1|1617000000|1057579498.86|559420501.14
20120831|11|2|323400000|221263391.9|102136608.1
20120831|12|1|1546000000|753933530.22|792066469.78
20120831|12|2|309200000|3883893.41|305316106.59
20120831|13|1|2051000000|675773826.29|1375226173.71
20120831|13|2|410200000|798267036.06|-388067036.06
20120831|14|1|1313000000|503003766.62|809996233.38
20120831|14|2|262600000|1989763.4|260610236.6
20120831|15|1|1744000000|424146748.59|1319853251.41
20120831|15|2|348800000|61207.82|348738792.18
20120831|16|1|2610000000|1746565473.19|863434526.81
20120831|16|2|522000000|9139890.62|512860109.38
20120831|17|1|1519000000|633082882.72|885917117.28
20120831|17|2|303800000|127909.57|303672090.43
20120831|18|1|1738000000|491772010.69|1246227989.31
20120831|18|2|347600000|7729510.94|339870489.06
20120831|19|1|1497000000|316408622.72|1180591377.28
20120831|19|2|299400000|24298817.03|275101182.97
20120831|20|1|1427000000|899352460.19|527647539.81
20120831|20|2|285400000|6396800.86|279003199.14
20120831|21|1|1464000000|651466301.61|812533698.39
20120831|21|2|292800000|201033997.88|91766002.12
20120831|22|1|1861000000|1398410609.09|462589390.91
20120831|22|2|372200000|3366024.68|368833975.32
20120831|23|1|1140000000|639837188.23|500162811.77
20120831|23|2|228000000|579021.91|227420978.09
20120831|24|1|1582000000|1237016148.39|344983851.61
20120831|24|2|337400000|32408247.57|304991752.43
20120831|25|1|1340000000|625923129.88|714076870.12
20120831|25|2|285800000|1465835.84|284334164.16
20120831|26|1|2256000000|1619918720.72|636081279.28
20120831|26|2|463200000|322267090.8|140932909.2
20120831|27|1|1553000000|422785840.11|1130214159.89
20120831|27|2|332800000|376821.52|332423178.48
20120831|28|1|2927000000|1877063031.71|1049936968.29
20120831|28|2|616400000|763715151.2|-147315151.2
20120831|29|1|1385000000|1208948790.3|176051209.7
20120831|29|2|288000000|16536735.59|271463264.41
20120831|30|1|1317000000|455648430.51|861351569.49
20120831|30|2|287800000|1254767.3|286545232.7
20120831|31|1|3226000000|3016215174.09|209784825.91
20120831|31|2|668800000|2899326.45|665900673.55
20120831|32|1|1821000000|1161376491|659623509
20120831|32|2|373400000|1412705.99|371987294.01
20120831|33|1|2000000000|685983984.53|1314016015.47
20120831|33|2|424800000|283127290.24|141672709.76
20120831|34|1|1803000000|1097879659.18|705120340.82
20120831|34|2|380600000|3232731.06|377367268.94
20120831|35|1|3058000000|736023080.57|2321976919.43
20120831|35|2|633600000|10541182.29|623058817.71
20120831|36|1|5954000000|0|5954000000
20120831|36|2|595400000|0|595400000
20120831|37|1|11597000000|5975402777.15|5621597222.85
20120831|37|2|0|271439.27|-271439.27
20120831|38|1|2271000000|336703204.69|1934296795.31
20120831|38|2|8198310000|2026472324.92|6171837675.08
20120831|39|1|1540000000|195871900.66|1344128099.34
20120831|39|2|5559400000|84032204.43|5475367795.57
20120831|40|1|1685000000|694460728.81|990539271.19
20120831|40|2|6082850000|890664104.29|5192185895.71
20120831|41|1|1334000000|6059893641.66|-4725893641.66
20120831|41|2|4815740000|0|4815740000
20120831|42|1|817000000|186327199.93|630672800.07
20120831|42|2|2949370000|278617586.11|2670752413.89
20120831|43|1|55107000000|23852660649.23|31254339350.77
20120831|43|2|2755350000|4.58|2755349995.42
20120831|44|1|1895000000|594621662.93|1300378337.07
20120831|44|2|473750000|167038203.24|306711796.76
20120831|45|1|1133000000|183159089.67|949840910.33
20120831|45|2|283250000|18430861.54|264819138.46
20120831|46|1|1815000000|504943783.77|1310056216.23
20120831|46|2|453750000|307777938.69|145972061.31
20120831|47|1|1770000000|464123985.31|1305876014.69
20120831|47|2|442500000|96322872.97|346177127.03
20120831|48|1|1005000000|802255923.32|202744076.68
20120831|48|2|251250000|407668581.41|-156418581.41
20120831|49|1|2138000000|1217206321.17|920793678.83
20120831|49|2|534500000|95286901.55|439213098.45
20120831|50|1|1292000000|388808524.84|903191475.16
20120831|50|2|323000000|89767441.98|233232558.02
20120831|51|1|864000000|191003820.12|672996179.88
20120831|51|2|216000000|20265258.88|195734741.12
20120930|46|2|501500000|300496836.64|201003163.36
20120930|47|1|1956000000|498089878.86|1457910121.14
20120930|47|2|489000000|97364723.83|391635276.17
20120930|48|1|1073000000|546078106.42|526921893.58
20120930|48|2|268250000|391686279.9|-123436279.9
20120930|49|1|2327000000|1276850688.11|1050149311.89
20120930|49|2|581750000|86230874.73|495519125.27
20120930|50|1|1368000000|571475261.75|796524738.25
20120930|50|2|342000000|106239387.81|235760612.19
20120930|51|1|945000000|505638728.8|439361271.2
20120930|51|2|236250000|275233136.91|-38983136.91
20120930|52|1|1292000000|795892598.1|496107401.9
20120930|52|2|323000000|47789606.63|275210393.37
20120930|53|1|1277000000|560145047.44|716854952.56
20120930|53|2|319250000|32744519.37|286505480.63
20120930|54|1|1092000000|161177414.8|930822585.2
20120930|54|2|273000000|34110996.98|238889003.02
20120930|55|1|1521000000|494637901.84|1026362098.16
20120930|55|2|380250000|77161736.39|303088263.61
20120930|56|1|1089000000|224936501.97|864063498.03
20120930|56|2|272250000|10558291.93|261691708.07
20120930|57|1|1029000000|256798689.69|772201310.31
20120930|57|2|257250000|48497591.41|208752408.59
20120930|58|1|1154000000|468387305.43|685612694.57
20120930|58|2|288500000|49221172.83|239278827.17
20120930|59|1|1913000000|681288723.52|1231711276.48
20120930|59|2|478250000|137662538.92|340587461.08
20120930|60|1|1103000000|472051765.15|630948234.85
20120930|60|2|275750000|14102657.01|261647342.99
20120930|61|1|1319000000|640189942.03|678810057.97
20120930|61|2|329750000|6238109.03|323511890.97
20120930|62|1|1166000000|340011973.79|825988026.21
20120930|62|2|291500000|98054966.14|193445033.86
20120930|63|1|1831000000|1590964724.57|240035275.43
20120930|63|2|457750000|261753714.12|195996285.88
20120930|64|1|2971000000|1443116284.46|1527883715.54
20120930|64|2|742750000|17711742.88|725038257.12
20120930|65|1|1356000000|655324467.79|700675532.21
20120930|65|2|339000000|9929406.92|329070593.08
20120930|66|1|1367000000|476410714.19|890589285.81
20120930|66|2|341750000|14969687.29|326780312.71
20120930|67|1|1247000000|671178094.67|575821905.33
20120930|67|2|311750000|24197726.79|287552273.21
20120930|68|1|1678000000|498682332.7|1179317667.3
20120930|68|2|419500000|307284677.13|112215322.87
20120930|69|1|1434000000|632022978.31|801977021.69
20120930|69|2|358500000|20683923.09|337816076.91
20120930|70|1|1541000000|421887659.88|1119112340.12
20120930|70|2|385250000|501682624.96|-116432624.96
20120930|71|1|1133000000|357946176.3|775053823.7
20120930|71|2|283250000|45524817.21|237725182.79
20120930|72|1|873000000|208585083.32|664414916.68
20120930|72|2|218250000|8434597.23|209815402.77
20120930|73|1|1157000000|554042372.76|602957627.24
20120930|73|2|289250000|27325993.17|261924006.83
20120930|74|1|1093000000|284701346.1|808298653.9
20120930|74|2|273250000|248904345.38|24345654.62
20120930|75|1|1729000000|726338833.41|1002661166.59
20120930|75|2|432250000|192972498.87|239277501.13
20120930|76|1|1277000000|460500324.17|816499675.83
20120930|76|2|319250000|116322309.6|202927690.4
20120930|77|1|1470000000|786997853.78|683002146.22
20120930|77|2|367500000|198577472.87|168922527.13
20120930|78|1|1591000000|733138579.66|857861420.34
20120930|78|2|397750000|170239000.87|227510999.13
20120930|79|1|1963000000|392092797.34|1570907202.66
20120930|79|2|490750000|91012880.29|399737119.71
20120930|80|1|1472000000|605331354.9|866668645.1
20120930|80|2|368000000|78213621.14|289786378.86
20120930|81|1|3843000000|1226170946.52|2616829053.48
20120930|81|2|960750000|467141119.58|493608880.42
20120930|82|1|2767000000|2207846977.68|559153022.32
20120930|82|2|691750000|1231998601.62|-540248601.62
20120930|83|1|2218000000|6201.67|2217993798.33
20120930|83|2|554500000|0|554500000
20120930|84|1|2701000000|953134402.54|1747865597.46
20120930|84|2|675250000|94343249.42|580906750.58
20120930|85|1|2428000000|6671858.62|2421328141.38
20120930|85|2|607000000|0|607000000
20120930|86|1|2456000000|603255511.44|1852744488.56
20120930|86|2|614000000|598116677.14|15883322.86
20120930|87|1|2611000000|1201087790.26|1409912209.74
20120930|87|2|652750000|336735840.04|316014159.96
20120930|88|1|2294000000|626410066.27|1667589933.73
20120930|88|2|573500000|283654040.5|289845959.5
20120930|89|1|2640000000|960048560.23|1679951439.77
20120930|89|2|660000000|118143909.71|541856090.29
20120930|90|1|1278000000|843600362.87|434399637.13
20120930|90|2|319500000|284215736.09|35284263.91
20120930|91|1|1111000000|675632401.14|435367598.86
20120930|91|2|222200000|39700416.09|182499583.91
20120930|92|1|1821000000|2443838407.46|-622838407.46
20120930|92|2|364200000|500011584.37|-135811584.37
20120930|93|1|927000000|424933953.64|502066046.36
20120930|93|2|185400000|19983394.7|165416605.3
20120930|94|1|1531000000|587606774.06|943393225.94
20120930|94|2|306200000|59941224.07|246258775.93
20120930|95|1|1189000000|345371381.83|843628618.17
20120930|95|2|237800000|154734845.87|83065154.13
20120930|96|1|1202000000|578141222.54|623858777.46
20120930|96|2|240400000|72259882.84|168140117.16
20120930|97|1|772000000|104371909.71|667628090.29
20120930|97|2|154400000|76760631.67|77639368.33
20120930|98|1|1871000000|846288304.41|1024711695.59
20120930|98|2|374200000|688338300.88|-314138300.88
20120930|99|1|672000000|272305507.26|399694492.74
20120930|99|2|134400000|155026611.3|-20626611.3
20120930|100|1|569000000|2232214.6|566767785.4
20120930|100|2|113800000|3992072.6|109807927.4
20120930|101|1|1211000000|926794797.57|284205202.43
20120930|101|2|242200000|211540986.62|30659013.38
20120930|102|1|1166000000|529351196.32|636648803.68
20120930|102|2|233200000|18306333.35|214893666.65
20120930|103|1|780000000|196266015.44|583733984.56
20120930|103|2|156000000|182031024.49|-26031024.49
20120930|104|1|1595000000|721792640.4|873207359.6
20120930|104|2|319000000|15191820.17|303808179.83
20120930|105|1|992000000|563030673.88|428969326.12
20120930|105|2|198400000|54893791.26|143506208.74
20120930|106|1|492000000|226017838.86|265982161.14
20120930|106|2|98400000|55858136.61|42541863.39
20120930|107|1|737000000|670630171.69|66369828.31
20120930|107|2|147400000|10029906.07|137370093.93
20120930|108|1|0|0|0
20120930|108|2|0|0|0
20120930|109|1|464000000|408127518.19|55872481.81
20120930|109|2|92800000|147710997.71|-54910997.71
20120930|110|1|466000000|288321831.71|177678168.29
20120930|110|2|93200000|10272244.01|82927755.99
20120930|111|1|768000000|419961673.38|348038326.62
20120930|111|2|153600000|5126868.85|148473131.15
20120930|112|1|467000000|351077617.1|115922382.9
20120930|112|2|93400000|65879219.97|27520780.03
20120930|113|1|0|325242.38|-325242.38
20120930|113|2|0|0|0
20120930|114|1|441000000|251432502.06|189567497.94
20120930|114|2|88200000|5068490.02|83131509.98
20120930|115|1|716000000|513684596.25|202315403.75
20120930|115|2|143200000|119420650.05|23779349.95
20120930|116|1|2487000000|923623289.4|1563376710.6
20120930|116|2|497400000|58497163.92|438902836.08
20120930|117|1|1060000000|351469025.66|708530974.34
20120930|117|2|212000000|28493275.51|183506724.49
20120930|118|1|1788000000|2433307381.81|-645307381.81
20120930|118|2|357600000|18719529.92|338880470.08
20120930|119|1|1261000000|1341297073.49|-80297073.49
20120930|119|2|252200000|9259318.32|242940681.68
20120930|120|1|546000000|219137414.67|326862585.33
20120930|120|2|109200000|13388453.78|95811546.22
20120930|121|1|454000000|221151450.02|232848549.98
20120930|121|2|90800000|95371846.19|-4571846.19
20120930|122|1|893000000|335671531.48|557328468.52
20120930|122|2|178600000|23894302.24|154705697.76
20120930|123|1|986000000|548628133.05|437371866.95
20120930|123|2|197200000|107266711.36|89933288.64
20120930|124|1|1004000000|398912258.2|605087741.8
20120930|124|2|200800000|24862659.99|175937340.01
20120930|125|1|893000000|419635810.08|473364189.92
20120930|125|2|178600000|25164590.27|153435409.73
20120930|126|1|736000000|270896311.35|465103688.65
20120930|126|2|147200000|49461960.72|97738039.28
20120930|127|1|800000000|334741066.74|465258933.26
20120930|127|2|160000000|97758852.37|62241147.63
20120930|128|1|15511000000|574498.28|15510425501.72
20120930|128|2|1551100000|0|1551100000
20120930|129|1|1478000000|1090006046.46|387993953.54
20120930|129|2|295600000|30586277.8|265013722.2
20120930|130|1|2230000000|1010519062.38|1219480937.62
20120930|130|2|446000000|58376786.99|387623213.01
20120930|131|1|1311000000|442940011.3|868059988.7
20120930|131|2|262200000|5325332.71|256874667.29
20120930|132|1|2658000000|1770881244.96|887118755.04
20120930|132|2|531600000|19965353.6|511634646.4
20120930|133|1|4395000000|2958890470.5|1436109529.5
20120930|133|2|439500000|11614606.89|427885393.11
20120930|134|1|1362000000|648987385.39|713012614.61
20120930|134|2|272400000|12354347.58|260045652.42
20120930|135|1|2055000000|1534657880.52|520342119.48
20120930|135|2|411000000|104753279.11|306246720.89
20120930|136|1|2153000000|270338.44|2152729661.56
20120930|136|2|430600000|0|430600000
20120930|137|1|1689000000|514986698.21|1174013301.79
20120930|137|2|337800000|10297752.08|327502247.92
20120930|138|1|1372000000|1624637.6|1370375362.4
20120930|138|2|274400000|0|274400000
20120930|139|1|1337000000|977225285.67|359774714.33
20120930|139|2|267400000|35743024.58|231656975.42
20120930|140|1|1167000000|378898498.54|788101501.46
20120930|140|2|233400000|7015091.2|226384908.8
20120930|141|1|843000000|325247472.16|517752527.84
20120930|141|2|168600000|36649250.59|131950749.41
20120930|142|1|1287000000|0|1287000000
20120930|142|2|257400000|0|257400000
20120930|143|1|1347000000|655461598.07|691538401.93
20120930|143|2|269400000|44504823.26|224895176.74
20120930|144|1|1355000000|726972760.77|628027239.23
20120930|144|2|271000000|5266061.25|265733938.75
20120930|145|1|1185000000|435683380.43|749316619.57
20120930|145|2|237000000|21817398.1|215182601.9
20120930|146|1|1101000000|454749111.9|646250888.1
20120930|146|2|220200000|45539035.19|174660964.81
20120930|147|1|731000000|350883661.54|380116338.46
20120930|147|2|146200000|26476288.48|119723711.52
20120930|148|1|1463000000|3333.08|1462996666.92
20120930|148|2|292600000|0|292600000
20120930|149|1|1322000000|368574781.76|953425218.24
20120930|149|2|264400000|7964449.44|256435550.56
20120930|150|1|821000000|291914480.08|529085519.92
20120930|150|2|164200000|10653286.92|153546713.08
20120930|151|1|1615000000|803649462.34|811350537.66
20120930|151|2|323000000|18742211.71|304257788.29
20120930|152|1|1750000000|992455782.49|757544217.51
20120930|152|2|437500000|169198242.71|268301757.29
20120930|153|1|2444000000|1083187775.04|1360812224.96
20120930|153|2|611000000|137288535.29|473711464.71
20120930|154|1|1290000000|789417035.09|500582964.91
20120930|154|2|322500000|51267185.05|271232814.95
20120930|155|1|1079000000|461169144.37|617830855.63
20120930|155|2|269750000|548608.36|269201391.64
20120930|156|1|1434000000|666657253.1|767342746.9
20120930|156|2|358500000|49825139.25|308674860.75
20120930|157|1|1195000000|642550079.78|552449920.22
20120930|157|2|298750000|86007060.71|212742939.29
20120930|158|1|1070000000|1550810377.29|-480810377.29
20120930|158|2|267500000|472817159.51|-205317159.51
20120930|159|1|1547000000|1225825502.1|321174497.9
20120930|159|2|386750000|18691787.6|368058212.4
20120930|160|1|2318000000|527556333.71|1790443666.29
20120930|160|2|579500000|2045219.6|577454780.4
20120930|161|1|44807000000|14480203889.39|30326796110.61
20120930|161|2|4480700000|11816152.07|4468883847.93
20121031|65|1|1439000000|687152063.31|751847936.69
20121031|65|2|359750000|12398855.25|347351144.75
20121031|66|1|1448000000|475217274.47|972782725.53
20121031|66|2|362000000|13521078.44|348478921.56
20121031|67|1|1331000000|561228776.71|769771223.29
20121031|67|2|332750000|26026435.05|306723564.95
20121031|68|1|1787000000|645706711.61|1141293288.39
20121031|68|2|446750000|408633668.51|38116331.49
20121031|69|1|1548000000|754170418.64|793829581.36
20121031|69|2|387000000|18804703.44|368195296.56
20121031|70|1|1646000000|497711862.94|1148288137.06
20121031|70|2|411500000|537936763.93|-126436763.93
20121031|71|1|1201000000|461793862.8|739206137.2
20121031|71|2|300250000|45958641.61|254291358.39
20121031|72|1|961000000|220338479.95|740661520.05
20121031|72|2|240250000|6157061.21|234092938.79
20121031|73|1|1237000000|673230963.79|563769036.21
20121031|73|2|309250000|29594039.1|279655960.9
20121031|74|1|1162000000|264588510.73|897411489.27
20121031|74|2|290500000|257117759.68|33382240.32
20121031|75|1|1821000000|773539438.15|1047460561.85
20121031|75|2|455250000|224950833.81|230299166.19
20121031|76|1|1340000000|463335311.14|876664688.86
20121031|76|2|335000000|111724898.41|223275101.59
20121031|77|1|1580000000|809892207.69|770107792.31
20121031|77|2|395000000|309641368.8|85358631.2
20121031|78|1|1675000000|718741427.4|956258572.6
20121031|78|2|418750000|158596835.07|260153164.93
20121031|79|1|2100000000|372141271.91|1727858728.09
20121031|79|2|525000000|149253976.72|375746023.28
20121031|80|1|1549000000|584165348.3|964834651.7
20121031|80|2|387250000|61099046.32|326150953.68
20121031|81|1|4059000000|1235581315.92|2823418684.08
20121031|81|2|1014750000|500528949.82|514221050.18
20121031|82|1|2982000000|1189185617.39|1792814382.61
20121031|82|2|745500000|1247624229.63|-502124229.63
20121031|83|1|2450000000|39864.43|2449960135.57
20121031|83|2|612500000|0|612500000
20121031|84|1|2940000000|905459856.78|2034540143.22
20121031|84|2|735000000|78439051.18|656560948.82
20121031|85|1|2656000000|12467960.27|2643532039.73
20121031|85|2|664000000|0|664000000
20121031|86|1|2638000000|861467850.48|1776532149.52
20121031|86|2|659500000|482804606.7|176695393.3
20121031|87|1|2830000000|1245901963.58|1584098036.42
20121031|87|2|707500000|416751725.74|290748274.26
20121031|88|1|2519000000|484467493.93|2034532506.07
20121031|88|2|629750000|369024418.21|260725581.79
20121031|89|1|2781000000|975013360.18|1805986639.82
20121031|89|2|695250000|80602321.1|614647678.9
20121031|90|1|1348000000|882688485.08|465311514.92
20121031|90|2|337000000|316593573.91|20406426.09
20121031|91|1|1140000000|583599278.6|556400721.4
20121031|91|2|228000000|51685202.38|176314797.62
20121031|92|1|1882000000|1751039843.37|130960156.63
20121031|92|2|376400000|545341561.97|-168941561.97
20121031|93|1|953000000|507579856.27|445420143.73
20121031|93|2|190600000|20698880.54|169901119.46
20121031|94|1|1587000000|630210412.76|956789587.24
20121031|94|2|317400000|56107619.23|261292380.77
20121031|95|1|1255000000|297669986.1|957330013.9
20121031|95|2|251000000|139385870.56|111614129.44
20121031|96|1|1262000000|604728454.28|657271545.72
20121031|96|2|252400000|70350429.62|182049570.38
20121031|97|1|810000000|106094373.06|703905626.94
20121031|97|2|162000000|24228163.08|137771836.92
20121031|98|1|1948000000|841757425.8|1106242574.2
20121031|98|2|389600000|659131037.43|-269531037.43
20121031|99|1|692000000|492293881.15|199706118.85
20121031|99|2|138400000|149030763|-10630763
20121031|100|1|579000000|2184814.44|576815185.56
20121031|100|2|115800000|4118007.27|111681992.73
20121031|101|1|1268000000|580135443.79|687864556.21
20121031|101|2|253600000|211619718.05|41980281.95
20121031|102|1|1221000000|653643668.69|567356331.31
20121031|102|2|244200000|110872491.46|133327508.54
20121031|103|1|802000000|172885724.42|629114275.58
20121031|103|2|160400000|179268049.92|-18868049.92
20121031|104|1|1663000000|919791605.91|743208394.09
20121031|104|2|332600000|173758236.24|158841763.76
20121031|105|1|1013000000|570683089.41|442316910.59
20121031|105|2|202600000|55101060.6|147498939.4
20121031|106|1|499000000|256630239.75|242369760.25
20121031|106|2|99800000|54668478.54|45131521.46
20121031|107|1|751000000|630169320.05|120830679.95
20121031|107|2|150200000|509176557.45|-358976557.45
20121031|108|1|0|0|0
20121031|108|2|0|0|0
20121031|109|1|476000000|404446731.29|71553268.71
20121031|109|2|95200000|143207945.72|-48007945.72
20121031|110|1|478000000|263224407.53|214775592.47
20121031|110|2|95600000|61222382.45|34377617.55
20121031|111|1|799000000|513107839.98|285892160.02
20121031|111|2|159800000|35116953.63|124683046.37
20121031|112|1|479000000|370426205.47|108573794.53
20121031|112|2|95800000|68625704.41|27174295.59
20121031|113|1|0|160316.26|-160316.26
20121031|113|2|0|0|0
20121031|114|1|460000000|340693424.03|119306575.97
20121031|114|2|92000000|6195226.49|85804773.51
20121031|115|1|749000000|431685766.01|317314233.99
20121031|115|2|149800000|118932767.84|30867232.16
20121031|116|1|2596000000|906662530.76|1689337469.24
20121031|116|2|519200000|59084059.56|460115940.44
20121031|117|1|1109000000|375146269.84|733853730.16
20121031|117|2|221800000|32421383.39|189378616.61
20121031|118|1|1835000000|1479788036.55|355211963.45
20121031|118|2|367000000|23085479.09|343914520.91
20121031|119|1|1308000000|1372382455.51|-64382455.51
20121031|119|2|261600000|13693407.98|247906592.02
20121031|120|1|571000000|250074995.38|320925004.62
20121031|120|2|114200000|30839066.24|83360933.76
20121031|121|1|470000000|232357376.02|237642623.98
20121031|121|2|94000000|92821615.18|1178384.82
20121031|122|1|929000000|343501103.85|585498896.15
20121031|122|2|185800000|21206423.86|164593576.14
20121031|123|1|997000000|588714565.63|408285434.37
20121031|123|2|199400000|93491051.15|105908948.85
20121031|124|1|1025000000|401822821.35|623177178.65
20121031|124|2|205000000|24845857.5|180154142.5
20121031|125|1|896000000|395090113.61|500909886.39
20121031|125|2|179200000|26059601.92|153140398.08
20121031|126|1|777000000|296488260.04|480511739.96
20121031|126|2|155400000|48093672.6|107306327.4
20121031|127|1|826000000|354763146.41|471236853.59
20121031|127|2|165200000|120015432.82|45184567.18
20121031|128|1|15835000000|776001.76|15834223998.24
20121031|128|2|1583500000|0|1583500000
20121031|129|1|1543000000|1009473767.04|533526232.96
20121031|129|2|308600000|32721161.34|275878838.66
20121031|130|1|2288000000|1059044950.18|1228955049.82
20121031|130|2|457600000|77607960.05|379992039.95
20121031|131|1|1373000000|458246577.72|914753422.28
20121031|131|2|274600000|10796809.23|263803190.77
20121031|132|1|2706000000|1701273599.94|1004726400.06
20121031|132|2|541200000|28056051.53|513143948.47
20121031|133|1|4519000000|2800365877.62|1718634122.38
20121031|133|2|451900000|13082013.27|438817986.73
20121031|134|1|1411000000|675536052.03|735463947.97
20121031|134|2|282200000|8131459.56|274068540.44
20121031|135|1|2142000000|1565318883.43|576681116.57
20121031|135|2|428400000|80120658.45|348279341.55
20121031|136|1|2239000000|362805.93|2238637194.07
20121031|136|2|447800000|0|447800000
20121031|137|1|1793000000|503894627.02|1289105372.98
20121031|137|2|358600000|4630259.43|353969740.57
20121031|138|1|1416000000|1673083.37|1414326916.63
20121031|138|2|283200000|0|283200000
20121031|139|1|1395000000|956868972.58|438131027.42
20121031|139|2|279000000|25636177.39|253363822.61
20121031|140|1|1212000000|438645396.29|773354603.71
20121130|152|2|479500000|145061150.32|334438849.68
20121130|153|1|2612000000|678614225.77|1933385774.23
20121130|153|2|653000000|116881328.33|536118671.67
20121130|154|1|1446000000|918586294.08|527413705.92
20121130|154|2|361500000|5526908.69|355973091.31
20121130|155|1|1181000000|542058667.9|638941332.1
20121130|155|2|295250000|100563768.96|194686231.04
20121130|156|1|1556000000|623222664.38|932777335.62
20121130|156|2|389000000|34044343.75|354955656.25
20121130|157|1|1293000000|326222301.24|966777698.76
20121130|157|2|323250000|326059.78|322923940.22
20121130|158|1|1236000000|1353680381.63|-117680381.63
20121130|158|2|309000000|473209457.68|-164209457.68
20121130|159|1|1713000000|1420493110.93|292506889.07
20121130|159|2|428250000|20940422.79|407309577.21
20121130|160|1|2642000000|725731097.56|1916268902.44
20121130|160|2|660500000|1668818.39|658831181.61
20121130|161|1|49601000000|14341004716.76|35259995283.24
20121130|161|2|4960100000|12536546.12|4947563453.88
20120731|106|1|478000000|263799408.13|214200591.87
20120731|106|2|95600000|48880794.04|46719205.96
20120731|107|1|709000000|575800084.7|133199915.3
20120731|107|2|141800000|7914072.39|133885927.61
20120731|108|1|0|0|0
20120731|108|2|0|0|0
20120731|109|1|440000000|387540910.91|52459089.09
20120731|109|2|88000000|128701193.42|-40701193.42
20120731|110|1|442000000|225229234.84|216770765.16
20120731|110|2|88400000|784484.29|87615515.71
20120731|111|1|706000000|557686286.49|148313713.51
20120731|111|2|141200000|1834138.02|139365861.98
20120731|112|1|443000000|369378302.49|73621697.51
20120731|112|2|88600000|69015071.68|19584928.32
20120731|113|1|0|58599.06|-58599.06
20120731|113|2|0|0|0
20120731|114|1|403000000|309198075.09|93801924.91
20120731|114|2|80600000|4311042.89|76288957.11
20120731|115|1|650000000|585263981.74|64736018.26
20120731|115|2|130000000|122163983.4|7836016.6
20120731|116|1|2269000000|989288167.86|1279711832.14
20120731|116|2|453800000|71293496.23|382506503.77
20120731|117|1|962000000|371678733.31|590321266.69
20120731|117|2|192400000|22775387.67|169624612.33
20120731|118|1|1694000000|1499328522.53|194671477.47
20120731|118|2|338800000|9972215.59|328827784.41
20120731|119|1|1167000000|1200258879.97|-33258879.97
20120731|119|2|233400000|5615524.75|227784475.25
20120731|120|1|496000000|237307777.94|258692222.06
20120731|120|2|99200000|7167512.44|92032487.56
20120731|121|1|422000000|246698045.69|175301954.31
20120731|121|2|84400000|13164297.49|71235702.51
20120731|122|1|821000000|358824538.75|462175461.25
20120731|122|2|164200000|10538425.35|153661574.65
20120731|123|1|964000000|473164955.66|490835044.34
20120731|123|2|192800000|37708046.08|155091953.92
20120731|124|1|962000000|435284107.93|526715892.07
20120731|124|2|192400000|3254326.04|189145673.96
20120731|125|1|887000000|390215991.38|496784008.62
20120731|125|2|177400000|12180393.44|165219606.56
20121130|21|1|1770000000|921294408.31|848705591.69
20121130|21|2|354000000|203279061.4|150720938.6
20121130|22|1|2029000000|1245384793.06|783615206.94
20121130|22|2|405800000|2782456.32|403017543.68
20121130|23|1|1338000000|339275413.21|998724586.79
20121231||1|0|21191380277.19|-21191380277.19
20121231||2|0|5040105910.59|-5040105910.59
20121231|1|1|2729000000|711726735.1|2017273264.9
20121231|1|2|682250000|1200987.03|681049012.97
20121231|2|1|2095000000|1125541273.76|969458726.24
20121231|2|2|523750000|89864035.75|433885964.25
20121231|3|1|1748000000|999030255.02|748969744.98
20121231|3|2|437000000|3032335.36|433967664.64
20121231|4|1|1410000000|169328799.83|1240671200.17
20121231|4|2|352500000|28177929.53|324322070.47
20121231|5|1|1403000000|813466358.16|589533641.84
20121231|5|2|350750000|60682161.53|290067838.47
20121231|6|1|1539000000|2164448359.36|-625448359.36
20121231|6|2|384750000|1665230252.6|-1280480252.6
20121231|7|1|1623000000|671011994.95|951988005.05
20121231|7|2|324600000|129018991.64|195581008.36
20121231|8|1|3393000000|1132558397.99|2260441602.01
20121231|8|2|678600000|341083723.02|337516276.98
20121231|9|1|1500000000|661989383.66|838010616.34
20121130||1|0|32631902845.25|-32631902845.25
20121130||2|0|4758936484.05|-4758936484.05
20121130|1|1|2649000000|598266366.56|2050733633.44
20121130|1|2|662250000|1655473.83|660594526.17
20121130|2|1|2019000000|1115330515.18|903669484.82
20121130|2|2|504750000|64873884.25|439876115.75
20121130|3|1|1660000000|997443200.19|662556799.81
20121130|3|2|415000000|2501647.11|412498352.89
20121130|4|1|1356000000|237665626.93|1118334373.07
20121130|4|2|339000000|28420324.65|310579675.35
20121130|5|1|1344000000|727841392.53|616158607.47
20121130|5|2|336000000|63067240.03|272932759.97
20121130|6|1|1499000000|554910331.64|944089668.36
20121130|6|2|374750000|2470883.68|372279116.32
20121130|7|1|1557000000|779125940.78|777874059.22
20121130|7|2|311400000|132393967.5|179006032.5
20121130|8|1|3225000000|1123721796.07|2101278203.93
20121130|8|2|645000000|340226636.9|304773363.1
20121130|9|1|1428000000|388567812.12|1039432187.88
20121130|9|2|285600000|87581503.62|198018496.38
20121130|10|1|2845000000|1223387065.37|1621612934.63
20121130|10|2|569000000|226619566.38|342380433.62
20121130|11|1|1908000000|900171801.52|1007828198.48
20121130|11|2|381600000|239946553.72|141653446.28
20121130|12|1|1852000000|559487866.26|1292512133.74
20121130|12|2|370400000|409657087.12|-39257087.12
20121130|13|1|2516000000|835034685.65|1680965314.35
20121130|13|2|503200000|852403716.67|-349203716.67
20121130|14|1|1556000000|838218780.01|717781219.99
20121130|14|2|311200000|47935490.48|263264509.52
20121130|15|1|2191000000|509787178.55|1681212821.45
20121130|15|2|438200000|252763937.62|185436062.38
20121130|16|1|2976000000|1789119857.27|1186880142.73
20121130|16|2|595200000|12331107.4|582868892.6
20121130|17|1|1753000000|677002543.79|1075997456.21
20121130|17|2|350600000|13647918.29|336952081.71
20121130|18|1|2128000000|386548069.55|1741451930.45
20121130|24|1|1897000000|1377682108.97|519317891.03
20121130|24|2|379400000|10351808.65|369048191.35
20121130|25|1|1607000000|534410779.14|1072589220.86
20121130|25|2|321400000|1715155.15|319684844.85
20121130|26|1|2436000000|1350606249.59|1085393750.41
20121130|26|2|487200000|3165950266.58|-2678750266.58
20121130|27|1|1886000000|491375380.49|1394624619.51
20121130|27|2|377200000|6652971.79|370547028.21
20121130|28|1|3392000000|2336848722.61|1055151277.39
20121130|28|2|678400000|638798448.12|39601551.88
20121130|29|1|1550000000|828978255.95|721021744.05
20121130|29|2|310000000|22153892.83|287846107.17
20121130|30|1|1683000000|393453961.27|1289546038.73
20121130|30|2|336600000|6116075.5|330483924.5
20121130|31|1|3580000000|2786636749.31|793363250.69
20121130|31|2|716000000|2125834.58|713874165.42
20121130|32|1|1959000000|1675347598.87|283652401.13
20121130|32|2|391800000|4606234.63|387193765.37
20121130|33|1|2372000000|858380584.61|1513619415.39
20121130|33|2|474400000|263696926.96|210703073.04
20121130|34|1|2103000000|1095835443.34|1007164556.66
20121130|34|2|420600000|2093581.67|418506418.33
20121130|35|1|3388000000|702583964.24|2685416035.76
20121130|35|2|677600000|285966067.87|391633932.13
20121130|36|1|7694000000|0|7694000000
20121130|36|2|769400000|0|769400000
20121130|37|1|14150000000|4748156505.85|9401843494.15
20121130|37|2|0|270607.73|-270607.73
20121130|38|1|2592000000|295534116.38|2296465883.62
20121130|38|2|9357120000|3908131828.6|5448988171.4
20121130|39|1|1810000000|620362049.4|1189637950.6
20121130|39|2|6534100000|33143325.14|6500956674.86
20121130|40|1|1850000000|502352131.03|1347647868.97
20121130|40|2|6678500000|1187951590.99|5490548409.01
20121130|41|1|1457000000|6166217115.9|-4709217115.9
20121130|41|2|5259770000|0|5259770000
20121130|42|1|952000000|106538780.47|845461219.53
20121130|42|2|3436720000|215126457.81|3221593542.19
20121130|43|1|70026000000|33772171144.09|36253828855.91
20121130|43|2|3501300000|4.58|3501299995.42
20121130|44|1|2450000000|695471784.09|1754528215.91
20121130|44|2|612500000|165302187.05|447197812.95
20121130|45|1|1403000000|285480291.64|1117519708.36
20121130|45|2|350750000|134557408.51|216192591.49
20121130|46|1|2388000000|651346521.86|1736653478.14
20121130|46|2|597000000|321278994.96|275721005.04
20121130|47|1|2328000000|435728652.26|1892271347.74
20121130|47|2|582000000|99563504.81|482436495.19
20121130|48|1|1209000000|824538226.63|384461773.37
20121130|48|2|302250000|367860433.54|-65610433.54
20120731|126|1|654000000|361677858.26|292322141.74
20120731|126|2|130800000|21165910.1|109634089.9
20120731|127|1|748000000|287809804.52|460190195.48
20120731|127|2|149600000|14123625.28|135476374.72
20120731|128|1|14863000000|289612.22|14862710387.78
20120731|128|2|1486300000|0|1486300000
20120731|129|1|1348000000|1186555884.88|161444115.12
20120731|129|2|269600000|15448462.93|254151537.07
20120731|130|1|2114000000|1199685453.22|914314546.78
20120731|130|2|422800000|55033392.63|367766607.37
20120731|131|1|1187000000|514969102.87|672030897.13
20120731|131|2|237400000|6674429.18|230725570.82
20121130|87|1|3049000000|1296727123.94|1752272876.06
20121130|87|2|762250000|343092095.48|419157904.52
20121130|88|1|2744000000|469023290.05|2274976709.95
20121130|88|2|686000000|366084736.96|319915263.04
20121130|89|1|2922000000|990212031.45|1931787968.55
20121130|89|2|730500000|115737096.29|614762903.71
20121130|90|1|1418000000|892695938.09|525304061.91
20121130|90|2|354500000|314757449.15|39742550.85
20121130|91|1|1169000000|563774903.44|605225096.56
20121231|9|2|300000000|80553828.91|219446171.09
20121231|10|1|3010000000|1283375788.26|1726624211.74
20121231|10|2|602000000|267819939.85|334180060.15
20121231|11|1|2000000000|935112057.73|1064887942.27
20121231|11|2|400000000|258700240.84|141299759.16
20121231|12|1|1952000000|1030358737.89|921641262.11
20121231|12|2|390400000|862346647.79|-471946647.79
20121231|13|1|2673000000|992972541.41|1680027458.59
20121231|13|2|534600000|880140493.28|-345540493.28
20121231|14|1|1639000000|769880516.14|869119483.86
20121231|14|2|327800000|2481158.38|325318841.62
20121231|15|1|2342000000|432525209.3|1909474790.7
20121231|15|2|468400000|220980347.17|247419652.83
20121231|16|1|3094000000|1833315136.07|1260684863.93
20121231|16|2|618800000|28983281.55|589816718.45
20121231|17|1|1834000000|962068320.29|871931679.71
20121231|17|2|366800000|13636458.91|353163541.09
20121231|18|1|2260000000|385421581|1874578419
20121231|18|2|452000000|45430628.92|406569371.08
20121231|19|1|1942000000|922937061.6|1019062938.4
20121231|19|2|388400000|141690525.79|246709474.21
20121231|20|1|1672000000|1677052530.14|-5052530.14
20121231|20|2|334400000|11757860.69|322642139.31
20121231|21|1|1872000000|1093066335.77|778933664.23
20121231|21|2|374400000|601153998.53|-226753998.53
20121231|22|1|2080000000|1615698942.66|464301057.34
20121231|22|2|416000000|2754650.79|413245349.21
20121231|23|1|1402000000|523181187.69|878818812.31
20121231|23|2|280400000|6364407.8|274035592.2
20121231|24|1|2000000000|1582686580.91|417313419.09
20121231|24|2|400000000|10547210.2|389452789.8
20121231|25|1|1700000000|734221439.34|965778560.66
20121231|25|2|340000000|1638972.28|338361027.72
20121231|26|1|2500000000|3488061404.47|-988061404.47
20121231|26|2|500000000|4782046025.73|-4282046025.73
20121231|27|1|2000000000|745397314.45|1254602685.55
20121231|27|2|400000000|7688113.49|392311886.51
20121231|28|1|3550000000|3362069369.64|187930630.36
20121231|28|2|710000000|534296354.81|175703645.19
20121231|29|1|1600000000|1064025304.08|535974695.92
20121231|29|2|320000000|21995491.9|298004508.1
20121231|30|1|1800000000|467954887.02|1332045112.98
20121231|30|2|360000000|2000643.39|357999356.61
20121231|31|1|3700000000|2559878849.43|1140121150.57
20121231|31|2|740000000|2855772.12|737144227.88
20121231|32|1|2000000000|1643450075.86|356549924.14
20121231|32|2|400000000|4799263.53|395200736.47
20121231|33|1|2500000000|1163198300.54|1336801699.46
20121231|33|2|500000000|255334866.52|244665133.48
20121231|34|1|2200000000|1377202428.57|822797571.43
20121231|34|2|440000000|2592069.63|437407930.37
20121231|35|1|3500000000|1218683427.89|2281316572.11
20121231|35|2|700000000|242474547.46|457525452.54
20121231|36|1|8278000000|0|8278000000
20121231|36|2|827800000|0|827800000
20121231|37|1|15000000000|5679637727.98|9320362272.02
20121231|37|2|0|721330.29|-721330.29
20121231|38|1|2700000000|1642348245.06|1057651754.94
20121231|38|2|9747000000|3974580159.67|5772419840.33
20121231|39|1|1900000000|601582134.36|1298417865.64
20121231|39|2|6859000000|31960500.18|6827039499.82
20121231|40|1|1900000000|574385731.73|1325614268.27
20121231|40|2|6859000000|1256872821.9|5602127178.1
20121231|41|1|1500000000|6169438763.95|-4669438763.95
20121231|41|2|5415000000|14.41|5414999985.59
20121231|42|1|1000000000|103459038.54|896540961.46
20121231|42|2|3610000000|214740213.53|3395259786.47
20121231|43|1|75000000000|38322299320.38|36677700679.62
20121231|43|2|3750000000|0|3750000000
20121231|44|1|2633710830|329777224.87|2303933605.13
20121231|44|2|658427700|162080239.56|496347460.44
20121231|45|1|1496400190|295187976.55|1201212213.45
20121231|45|2|374100040|125247715.75|248852324.25
20121231|46|1|2580122130|748746084.38|1831376045.62
20121231|46|2|645030530|326228356.17|318802173.83
20121231|47|1|2509042890|439089366.83|2069953523.17
20121231|47|2|627260720|86453754.2|540806965.8
20121231|48|1|1276272990|436818615.59|839454374.41
20121231|48|2|319068240|419259435.69|-100191195.69
20121231|49|1|2889827980|1397904526.77|1491923453.23
20121231|49|2|722456990|100728145.28|621728844.72
20121231|50|1|1600000000|566150007.52|1033849992.48
20121231|50|2|400000000|195751123.1|204248876.9
20121231|51|1|1190916010|490025683.97|700890326.03
20121231|51|2|297729000|275405034.93|22323965.07
20121231|52|1|1525360140|819384559.7|705975580.3
20121231|52|2|381340030|59636059.89|321703970.11
20121231|53|1|1461968850|904201678.07|557767171.93
20120831|52|1|1213000000|656272446.95|556727553.05
20120831|52|2|303250000|57921925.19|245328074.81
20120831|53|1|1214000000|577455971.53|636544028.47
20120831|53|2|303500000|31092532.87|272407467.13
20120831|54|1|1026000000|178131957.34|847868042.66
20120831|54|2|256500000|41219462.33|215280537.67
20120831|55|1|1443000000|560374934.73|882625065.27
20120831|55|2|360750000|65031356.56|295718643.44
20120831|56|1|1009000000|298675877.51|710324122.49
20120831|56|2|252250000|10828889.96|241421110.04
20120831|57|1|952000000|264156695.81|687843304.19
20120831|57|2|238000000|45661087.36|192338912.64
20120831|58|1|1069000000|447611010.07|621388989.93
20120831|58|2|267250000|60646493.33|206603506.67
20120831|59|1|1755000000|636394006.77|1118605993.23
20120831|59|2|438750000|145354235.2|293395764.8
20120831|60|1|1033000000|477717131.18|555282868.82
20120831|60|2|258250000|13875045.04|244374954.96
20120831|61|1|1243000000|641277859.19|601722140.81
20120831|61|2|310750000|4358081.43|306391918.57
20120831|62|1|1087000000|316090581.17|770909418.83
20120831|62|2|271750000|68688531.1|203061468.9
20120831|63|1|1782000000|1488713836.07|293286163.93
20120831|63|2|445500000|250785199.41|194714800.59
20120831|64|1|2751000000|1454796366.64|1296203633.36
20120831|64|2|687750000|17881909.63|669868090.37
20120831|65|1|1273000000|667163628.84|605836371.16
20120831|65|2|318250000|14212630.67|304037369.33
20120831|66|1|1286000000|554890685.25|731109314.75
20120831|66|2|321500000|14080690.54|307419309.46
20120831|67|1|1163000000|737228079.93|425771920.07
20120831|67|2|290750000|21182508.97|269567491.03
20120831|68|1|1569000000|437914437.99|1131085562.01
20120831|68|2|392250000|278454058.63|113795941.37
20120831|69|1|1320000000|676154560.41|643845439.59
20120831|69|2|330000000|24269220.35|305730779.65
20120831|70|1|1436000000|372084159.1|1063915840.9
20120831|70|2|359000000|480817211.63|-121817211.63
20120831|71|1|1065000000|381340577.67|683659422.33
20120831|71|2|266250000|54586011.44|211663988.56
20120831|72|1|785000000|189579177.16|595420822.84
20120831|72|2|196250000|7667983.51|188582016.49
20120831|73|1|1077000000|581871857.7|495128142.3
20120831|73|2|269250000|27549405.38|241700594.62
20120831|74|1|1024000000|306761502.33|717238497.67
20120831|74|2|256000000|249455949.55|6544050.45
20120831|75|1|1637000000|769283840.73|867716159.27
20120831|75|2|409250000|178539036.66|230710963.34
20120831|76|1|1214000000|482928656.46|731071343.54
20120831|76|2|303500000|81971794.96|221528205.04
20120831|77|1|1360000000|686357023.88|673642976.12
20120831|77|2|340000000|175907993.22|164092006.78
20120831|78|1|1507000000|749505524.94|757494475.06
20120831|78|2|376750000|86100210.26|290649789.74
20120831|79|1|1826000000|339667618.72|1486332381.28
20120831|79|2|456500000|53991256.15|402508743.85
20120831|80|1|1395000000|543368509.21|851631490.79
20120831|80|2|348750000|67822049.95|280927950.05
20120831|81|1|3627000000|1276668983.01|2350331016.99
20120831|81|2|906750000|448019287.9|458730712.1
20120831|82|1|2552000000|1878703317.2|673296682.8
20120831|82|2|638000000|1258595280.64|-620595280.64
20120831|83|1|1986000000|6673.3|1985993326.7
20120831|83|2|496500000|0|496500000
20120831|84|1|2462000000|968831858.78|1493168141.22
20120831|84|2|615500000|106476056.76|509023943.24
20120831|85|1|2200000000|4795589.26|2195204410.74
20120831|85|2|550000000|0|550000000
20120831|86|1|2274000000|669344469.68|1604655530.32
20120831|86|2|568500000|425546992.09|142953007.91
20120831|87|1|2392000000|1444896912.18|947103087.82
20120831|87|2|598000000|407377614.36|190622385.64
20120831|88|1|2069000000|723673207.14|1345326792.86
20120831|88|2|517250000|271147755.18|246102244.82
20120831|89|1|2499000000|951881654.2|1547118345.8
20120831|89|2|624750000|127177053.02|497572946.98
20120831|90|1|1208000000|841445383.07|366554616.93
20120831|90|2|302000000|285595590.11|16404409.89
20120831|91|1|1082000000|735236314.29|346763685.71
20120831|91|2|216400000|43863632.72|172536367.28
20120831|92|1|1760000000|1692073314.19|67926685.81
20120831|92|2|352000000|449303398.44|-97303398.44
20120831|93|1|901000000|411482495.73|489517504.27
20120831|93|2|180200000|27855049.1|152344950.9
20120831|94|1|1475000000|622666584.16|852333415.84
20120831|94|2|295000000|57820290.61|237179709.39
20120831|95|1|1123000000|335883218.9|787116781.1
20120831|95|2|224600000|149117028.86|75482971.14
20120831|96|1|1142000000|518121727.29|623878272.71
20120831|96|2|228400000|85589918.95|142810081.05
20120831|97|1|734000000|125930838.92|608069161.08
20120831|97|2|146800000|78663626.74|68136373.26
20120831|98|1|1794000000|858796632.7|935203367.3
20120831|98|2|358800000|701914940.4|-343114940.4
20120831|99|1|652000000|348659197.54|303340802.46
20120831|99|2|130400000|163045192.41|-32645192.41
20120831|100|1|559000000|2197897.46|556802102.54
20120831|100|2|111800000|3888161.89|107911838.11
20120831|101|1|1154000000|539581511.35|614418488.65
20120831|101|2|230800000|7743791.53|223056208.47
20120831|102|1|1111000000|584034141.88|526965858.12
20120831|102|2|222200000|18663000.64|203536999.36
20120831|103|1|758000000|153365879.47|604634120.53
20120831|103|2|151600000|28631661.62|122968338.38
20120831|104|1|1527000000|942824134.79|584175865.21
20120831|104|2|305400000|12789413.44|292610586.56
20120831|105|1|971000000|562247211.33|408752788.67
20120831|105|2|194200000|52026467.32|142173532.68
20120831|106|1|485000000|303529830.83|181470169.17
20120831|106|2|97000000|53515414.36|43484585.64
20120831|107|1|723000000|357842379.39|365157620.61
20120831|107|2|144600000|9998157.08|134601842.92
20120831|108|1|0|0|0
20120831|108|2|0|0|0
20120831|109|1|452000000|376409786.23|75590213.77
20120831|109|2|90400000|131610374.49|-41210374.49
20120831|110|1|454000000|210210611.5|243789388.5
20120831|110|2|90800000|7333256.05|83466743.95
20120831|111|1|737000000|424640730.43|312359269.57
20120831|111|2|147400000|1407362.87|145992637.13
20120831|112|1|455000000|362566769|92433231
20120831|112|2|91000000|67916854.23|23083145.77
20120831|113|1|0|269670.83|-269670.83
20120831|113|2|0|0|0
20120831|114|1|422000000|232539970.47|189460029.53
20120831|114|2|84400000|3951978.63|80448021.37
20120831|115|1|683000000|508048087.15|174951912.85
20120831|115|2|136600000|120698243.85|15901756.15
20120831|116|1|2378000000|978129294.26|1399870705.74
20120831|116|2|475600000|76370047.99|399229952.01
20120831|117|1|1011000000|360170189.8|650829810.2
20120831|117|2|202200000|25645420.73|176554579.27
20120831|118|1|1741000000|2272322404.89|-531322404.89
20120831|118|2|348200000|14177486.17|334022513.83
20120831|119|1|1214000000|1226804813.47|-12804813.47
20120831|119|2|242800000|8918861.11|233881138.89
20120831|120|1|521000000|233753268.03|287246731.97
20120831|120|2|104200000|11834368.46|92365631.54
20120831|121|1|438000000|257589211.29|180410788.71
20120831|121|2|87600000|82506880.82|5093119.18
20120831|122|1|857000000|340295455.33|516704544.67
20120831|122|2|171400000|17399667.56|154000332.44
20120831|123|1|975000000|425532342|549467658
20120831|123|2|195000000|49508422.96|145491577.04
20120831|124|1|983000000|375367919.23|607632080.77
20120831|124|2|196600000|11316400.16|185283599.84
20120831|125|1|890000000|383513802.78|506486197.22
20120831|125|2|178000000|19949310.8|158050689.2
20120831|126|1|695000000|351386094.7|343613905.3
20120831|126|2|139000000|49699946.77|89300053.23
20120831|127|1|774000000|360375643.67|413624356.33
20120831|127|2|154800000|83741351.87|71058648.13
20120831|128|1|15187000000|588109.35|15186411890.65
20120831|128|2|1518700000|0|1518700000
20120831|129|1|1413000000|1119996929.29|293003070.71
20120831|129|2|282600000|20268393.69|262331606.31
20120831|130|1|2172000000|1119987401.78|1052012598.22
20120831|130|2|434400000|67078424.28|367321575.72
20120831|131|1|1249000000|500977282.27|748022717.73
20120831|131|2|249800000|6889144.84|242910855.16
20120831|132|1|2610000000|1878263343.59|731736656.41
20120831|132|2|522000000|19688259.12|502311740.88
20120831|133|1|4271000000|2849239635.22|1421760364.78
20120831|133|2|427100000|13084064.72|414015935.28
20120831|134|1|1313000000|704588043.7|608411956.3
20120831|134|2|262600000|18946474.33|243653525.67
20120831|135|1|1968000000|1550451215.84|417548784.16
20120831|135|2|393600000|99193167.35|294406832.65
20120831|136|1|2067000000|346234.19|2066653765.81
20120831|136|2|413400000|0|413400000
20120831|137|1|1585000000|576770836.52|1008229163.48
20120831|137|2|317000000|6233691.98|310766308.02
20120831|138|1|1328000000|1838149.17|1326161850.83
20120831|138|2|265600000|0|265600000
20120831|139|1|1279000000|1009860781.56|269139218.44
20120831|139|2|267400000|28965643.54|238434356.46
20120831|140|1|1122000000|404509914.99|717490085.01
20120831|140|2|233400000|7157519.25|226242480.75
20120831|141|1|788000000|334494543.78|453505456.22
20120831|141|2|168600000|14934324.26|153665675.74
20120831|142|1|1216000000|0|1216000000
20120831|142|2|257400000|0|257400000
20120831|143|1|1288000000|737854785.4|550145214.6
20120831|143|2|269400000|38325819.04|231074180.96
20120831|144|1|1304000000|685633592.29|618366407.71
20120831|144|2|271000000|4592221.65|266407778.35
20120831|145|1|1124000000|432734030.63|691265969.37
20120831|145|2|237000000|25601469.27|211398530.73
20120831|146|1|1036000000|484097902.81|551902097.19
20120831|146|2|220200000|42467615.42|177732384.58
20120831|147|1|707000000|389609731.9|317390268.1
20120831|147|2|146200000|13552378.53|132647621.47
20120831|148|1|1401000000|3425.97|1400996574.03
20120831|148|2|292600000|0|292600000
20120831|149|1|1230000000|295221948.49|934778051.51
20120831|149|2|264400000|4918603.77|259481396.23
20120831|150|1|761000000|325850699.45|435149300.55
20120831|150|2|164200000|9731356.27|154468643.73
20120831|151|1|1530000000|780429661.98|749570338.02
20120831|151|2|323000000|9014922.49|313985077.51
20120831|152|1|1666000000|1023201460.67|642798539.33
20120831|152|2|416500000|190525212.56|225974787.44
20120831|153|1|2360000000|1084598781.33|1275401218.67
20120831|153|2|590000000|136223654.59|453776345.41
20120831|154|1|1212000000|987203667.11|224796332.89
20120831|154|2|303000000|53549723.06|249450276.94
20120831|155|1|1028000000|478925751.84|549074248.16
20120831|155|2|257000000|609487.6|256390512.4
20120831|156|1|1373000000|644239358.52|728760641.48
20120831|156|2|343250000|78217151.39|265032848.61
20120831|157|1|1146000000|685566830.65|460433169.35
20120831|157|2|286500000|81972557.06|204527442.94
20120831|158|1|987000000|1557736530.97|-570736530.97
20120831|158|2|246750000|471871352.75|-225121352.75
20120831|159|1|1464000000|1142456347.61|321543652.39
20120831|159|2|366000000|19384634.18|346615365.82
20120831|160|1|2156000000|613818370.86|1542181629.14
20120831|160|2|539000000|2415087.73|536584912.27
20120831|161|1|42410000000|18802924103.96|23607075896.04
20120831|161|2|4241000000|11520488.4|4229479511.6
20120930||1|0|17640004654.44|-17640004654.44
20120930||2|0|5996145189.48|-5996145189.48
20120930|1|1|2485000000|529750342.46|1955249657.54
20120930|1|2|621250000|1916837.45|619333162.55
20120930|2|1|1867000000|1104222829.06|762777170.94
20120930|2|2|466750000|66456431.18|400293568.82
20120930|3|1|1476000000|879477564.2|596522435.8
20120930|3|2|369000000|4183309.32|364816690.68
20120930|4|1|1244000000|278653730.92|965346269.08
20120930|4|2|311000000|29179301.76|281820698.24
20120930|5|1|1224000000|880166985.94|343833014.06
20120930|5|2|306000000|26119246.79|279880753.21
20120930|6|1|1423000000|581828235.11|841171764.89
20120930|6|2|355750000|13021231.77|342728768.23
20120930|7|1|1429000000|554279093.67|874720906.33
20120930|7|2|285800000|34454913.59|251345086.41
20120930|8|1|2893000000|1252881367.7|1640118632.3
20120930|8|2|578600000|353257461.65|225342538.35
20120930|9|1|1282000000|352922265.96|929077734.04
20120930|9|2|256400000|72889555.47|183510444.53
20120930|10|1|2513000000|1242017403.08|1270982596.92
20120930|10|2|502600000|239835408.59|262764591.41
20120930|11|1|1714000000|1070675833.47|643324166.53
20120930|11|2|342800000|217373340.37|125426659.63
20120930|12|1|1648000000|1095410768.06|552589231.94
20120930|12|2|329600000|422493355.68|-92893355.68
20120930|13|1|2206000000|761387226.03|1444612773.97
20120930|13|2|441200000|798907518.08|-357707518.08
20120930|14|1|1394000000|440403245.11|953596754.89
20120930|14|2|278800000|48757217.42|230042782.58
20120930|15|1|1893000000|326011782.93|1566988217.07
20120930|15|2|378600000|101607211.23|276992788.77
20120930|16|1|2732000000|1581122969.66|1150877030.34
20120930|16|2|546400000|6386305.78|540013694.22
20120930|17|1|1597000000|684623548.57|912376451.43
20120930|17|2|319400000|779212.42|318620787.58
20120930|18|1|1868000000|467322770.7|1400677229.3
20120930|18|2|373600000|9730920.64|363869079.36
20120930|19|1|1609000000|359650476.3|1249349523.7
20120930|19|2|321800000|24617894.17|297182105.83
20120930|20|1|1488000000|919074345.6|568925654.4
20120930|20|2|297600000|6746427.86|290853572.14
20120930|21|1|1566000000|577899724.55|988100275.45
20120930|21|2|313200000|201054237.44|112145762.56
20120930|22|1|1917000000|1373877772.99|543122227.01
20120930|22|2|383400000|3176726.05|380223273.95
20120930|23|1|1206000000|440598893.03|765401106.97
20120930|23|2|241200000|1303709.27|239896290.73
20120930|24|1|1687000000|1222564503.26|464435496.74
20120930|24|2|337400000|29555466.71|307844533.29
20120930|25|1|1429000000|564350128.74|864649871.26
20120930|25|2|285800000|1410139.91|284389860.09
20120930|26|1|2316000000|4220769380.02|-1904769380.02
20120930|26|2|463200000|2920101883.54|-2456901883.54
20120930|27|1|1664000000|498789415.22|1165210584.78
20120930|27|2|332800000|4410874.86|328389125.14
20120930|28|1|3082000000|1891713360.11|1190286639.89
20120930|28|2|616400000|745738611.42|-129338611.42
20120930|29|1|1440000000|1164840798.53|275159201.47
20120930|29|2|288000000|16481034.32|271518965.68
20120930|30|1|1439000000|372765135.16|1066234864.84
20120930|30|2|287800000|5928748.93|281871251.07
20120930|31|1|3344000000|2848258782.11|495741217.89
20120930|31|2|668800000|2418735.74|666381264.26
20120930|32|1|1867000000|1132949194.14|734050805.86
20120930|32|2|373400000|4453002.21|368946997.79
20120930|33|1|2124000000|677868218.54|1446131781.46
20120930|33|2|424800000|231842626.85|192957373.15
20120930|34|1|1903000000|1235669386.29|667330613.71
20120930|34|2|380600000|2522945.93|378077054.07
20120930|35|1|3168000000|769622743.86|2398377256.14
20120930|35|2|633600000|14524561.03|619075438.97
20120930|36|1|6534000000|0|6534000000
20120930|36|2|653400000|0|653400000
20120930|37|1|12448000000|5118580692.05|7329419307.95
20120930|37|2|0|254977.05|-254977.05
20120930|38|1|2378000000|450923094|1927076906
20120930|38|2|8584580000|2221199383.09|6363380616.91
20120930|39|1|1630000000|199515599.01|1430484400.99
20120930|39|2|5884300000|38325507.32|5845974492.68
20120930|40|1|1740000000|684267922.41|1055732077.59
20120930|40|2|6281400000|1123686939.23|5157713060.77
20120930|41|1|1375000000|6069148491.23|-4694148491.23
20120930|41|2|4963750000|0|4963750000
20120930|42|1|862000000|116698612.4|745301387.6
20120930|42|2|3111820000|201726486.24|2910093513.76
20120930|43|1|60080000000|23373470664.95|36706529335.05
20120930|43|2|3004000000|4.58|3003999995.42
20120930|44|1|2080000000|591539369.08|1488460630.92
20120930|44|2|520000000|171460383.03|348539616.97
20120930|45|1|1223000000|198417168.52|1024582831.48
20120930|45|2|305750000|16098659.32|289651340.68
20120930|46|1|2006000000|572760049.04|1433239950.96
20121130|23|2|267600000|3505521.19|264094478.81
20121231|53|2|365492210|523332351.06|-157840141.06
20121231|54|1|1288391460|252248291.75|1036143168.25
20121231|54|2|322097860|132607274.01|189490585.99
20121231|55|1|1756820920|496006493.56|1260814426.44
20121231|55|2|439205230|58377035.32|380828194.68
20121231|56|1|1330831470|373834280|956997190
20121231|56|2|332707860|7875127.1|324832732.9
20121231|57|1|1257083490|447051156.26|810032333.74
20121231|57|2|314270870|36268665.02|278002204.98
20121231|58|1|1406800400|567668861.24|839131538.76
20121231|58|2|351700100|8968669|342731431
20121231|59|1|2387263790|862721963.18|1524541826.82
20121231|59|2|596815940|285715774.8|311100165.2
20121231|60|1|1316655090|539066012.49|777589077.51
20121231|60|2|329163770|18196443.04|310967326.96
20121231|61|1|1547714230|587425801.36|960288428.64
20121231|61|2|386928550|5659567.09|381268982.91
20121231|62|1|1398779870|423975254.58|974804615.42
20121231|62|2|349694960|91143770.43|258551189.57
20121231|63|1|1981563190|1862193283.94|119369906.06
20121231|63|2|495390790|227819357.84|267571432.16
20121231|64|1|3627864590|1533290259.07|2094574330.93
20121231|64|2|906966140|81276236.27|825689903.73
20121231|65|1|1600000470|699158294.26|900842175.74
20121231|65|2|400000110|7352168.06|392647941.94
20121231|66|1|1607997870|487802177.9|1120195692.1
20121231|66|2|401999460|18577491.63|383421968.37
20121231|67|1|1500000000|519833064.42|980166935.58
20121231|67|2|375000000|21840301.02|353159698.98
20121231|68|1|2000000000|908436958.54|1091563041.46
20121231|68|2|500000000|687542837.55|-187542837.55
20121231|69|1|1771716790|727080887.33|1044635902.67
20121231|69|2|442929190|21979460.63|420949729.37
20121231|70|1|1854417560|487870367.61|1366547192.39
20121231|70|2|463604390|314106402.84|149497987.16
20121231|71|1|1334799000|397011519.19|937787480.81
20121231|71|2|333699750|51907191.61|281792558.39
20121231|72|1|1139345250|297859124.21|841486125.79
20121231|72|2|284836310|13262407.97|271573902.03
20121231|73|1|1396000000|599339703.29|796660296.71
20121231|73|2|349000000|79616115.74|269383884.26
20121231|74|1|1299000000|348335365.64|950664634.36
20121231|74|2|324750000|221055229.66|103694770.34
20121231|75|1|2000000000|970439295.79|1029560704.21
20121231|75|2|500000000|416799150|83200850
20121231|76|1|1468000000|536079710.04|931920289.96
20121231|76|2|367000000|113821761.61|253178238.39
20121231|77|1|1800000000|1017036168.13|782963831.87
20121231|77|2|450000000|312695148.75|137304851.25
20121231|78|1|1845000000|922647604.64|922352395.36
20121231|78|2|461250000|204750474.93|256499525.07
20121231|79|1|2377000000|512892768.78|1864107231.22
20121231|79|2|594250000|241462978.99|352787021.01
20121231|80|1|1700000000|913119718.13|786880281.87
20121231|80|2|425000000|48576437.7|376423562.3
20121231|81|1|4488914650|1231754821.25|3257159828.75
20121231|81|2|1122228660|443375851.39|678852808.61
20121231|82|1|3410673570|1341003537.09|2069670032.91
20121231|82|2|852668390|1227737115.56|-375068725.56
20121231|83|1|2909396460|6145.12|2909390314.88
20121231|83|2|727349110|0|727349110
20121231|84|1|3421205390|1047566104.63|2373639285.37
20121231|84|2|855301340|109665507.43|745635832.57
20121231|85|1|3113567700|7164992.95|3106402707.05
20121231|85|2|778391920|0|778391920
20121231|86|1|3000000000|684977634.31|2315022365.69
20121231|86|2|750000000|354424166.93|395575833.07
20121231|87|1|3266840370|1358644800.41|1908195569.59
20121231|87|2|816710090|295718416.96|520991673.04
20121231|88|1|2968657550|489580539.67|2479077010.33
20121231|88|2|742164380|279654040.41|462510339.59
20121231|89|1|3066685900|1308526879.33|1758159020.67
20121231|89|2|766671470|293587885.62|473083584.38
20121231|90|1|1486814530|927860221.88|558954308.12
20121231|90|2|371703630|333657566.19|38046063.81
20121231|91|1|1200000000|933541557.79|266458442.21
20121231|91|2|240000000|256011906.76|-16011906.76
20121231|92|1|2000000000|1676907223.87|323092776.13
20121231|92|2|400000000|846770064.11|-446770064.11
20121231|93|1|1000000000|603918206.97|396081793.03
20121231|93|2|200000000|357219451.54|-157219451.54
20121231|94|1|1700000000|926424106.8|773575893.2
20121231|94|2|340000000|289108221.42|50891778.58
20121231|95|1|1385744010|330360846.61|1055383163.39
20121231|95|2|277148800|372861968.02|-95713168.02
20121231|96|1|1383090450|579629975.81|803460474.19
20121231|96|2|276618090|216623893.55|59994196.45
20121231|97|1|889129570|110300482.87|778829087.13
20121231|97|2|177825910|66171044.53|111654865.47
20121231|98|1|2100000000|933060813.21|1166939186.79
20121231|98|2|420000000|696042207.89|-276042207.89
20121231|99|1|730000000|544152703.91|185847296.09
20121231|99|2|146000000|123423465.01|22576534.99
20121231|100|1|603000000|2181600.37|600818399.63
20121231|100|2|120600000|4361770.92|116238229.08
20121231|101|1|1383090450|795312710.56|587777739.44
20121231|101|2|276618090|201665631.07|74952458.93
20121231|102|1|1326242290|678908935.89|647333354.11
20121231|102|2|265248450|204301550.19|60946899.81
20121231|103|1|850000000|233697876.03|616302123.97
20121231|103|2|170000000|520504168.87|-350504168.87
20121231|104|1|1800000000|1344919515.09|455080484.91
20121231|104|2|360000000|288493418.36|71506581.64
20121231|105|1|1051342000|621339024.2|430002975.8
20121231|105|2|210268400|52767929.61|157500470.39
20121231|106|1|509247320|255012454.05|254234865.95
20121231|106|2|101849460|103383399.08|-1533939.08
20121231|107|1|774941580|580407952.24|194533627.76
20121231|107|2|154988310|485472497.9|-330484187.9
20121231|108|1|0|0|0
20121231|108|2|0|0|0
20121231|109|1|500000000|323669491.29|176330508.71
20121231|109|2|100000000|166317997.18|-66317997.18
20121231|110|1|500000000|232268590.44|267731409.56
20121231|110|2|100000000|58792056.9|41207943.1
20121231|111|1|864600000|551552874.29|313047125.71
20121231|111|2|172920000|42825173.49|130094826.51
20121231|112|1|500000000|396954738.52|103045261.48
20121231|112|2|100000000|109662849.27|-9662849.27
20121231|113|1|0|70484.25|-70484.25
20121231|113|2|0|0|0
20121231|114|1|500000000|397693269.85|102306730.15
20121231|114|2|100000000|67025261.62|32974738.38
20121231|115|1|819223950|477827828.32|341396121.68
20121231|115|2|163844790|205982033.66|-42137243.66
20121231|116|1|2809013640|974658183.77|1834355456.23
20121231|116|2|561802720|406302352.58|155500367.42
20121231|117|1|1205965000|555182735.68|650782264.32
20121231|117|2|241193000|175346871.37|65846128.63
20121231|118|1|1930000000|1495161840.82|434838159.18
20121231|118|2|386000000|25088839.2|360911160.8
20121231|119|1|1400000000|1337917933.44|62082066.56
20121231|119|2|280000000|357565580.13|-77565580.13
20121231|120|1|619953260|267028690.67|352924569.33
20121231|120|2|123990650|103216088.95|20774561.05
20121231|121|1|500000000|245283373.95|254716626.05
20121231|121|2|100000000|90851729.94|9148270.06
20121231|122|1|996353460|312306652|684046808
20121231|122|2|199270690|33159093.46|166111596.54
20121231|123|1|1016307000|684550956.49|331756043.51
20121231|123|2|203261400|287829965.69|-84568565.69
20121231|124|1|1062777020|467715473.02|595061546.98
20121231|124|2|212555400|83543642.29|129011757.71
20121231|125|1|900000000|491822710.42|408177289.58
20121231|125|2|180000000|104026387.03|75973612.97
20121231|126|1|863506330|470347334.15|393158995.85
20121231|126|2|172701260|199105741.11|-26404481.11
20121231|127|1|874576920|516374988.11|358201931.89
20121231|127|2|174915380|113980851.71|60934528.29
20121231|128|1|16485000000|576313.73|16484423686.27
20121231|128|2|1648500000|0|1648500000
20121231|129|1|1673000000|1111552275.66|561447724.34
20121231|129|2|334600000|136091372.94|198508627.06
20121231|130|1|2400000000|1035072644.34|1364927355.66
20121231|130|2|480000000|115072502.51|364927497.49
20121231|131|1|1501000000|452351865.74|1048648134.26
20121231|131|2|300200000|28340244.68|271859755.32
20121231|132|1|2800000000|1910383649.68|889616350.32
20121231|132|2|560000000|342407304.65|217592695.35
20121231|133|1|4765000000|2977206078.73|1787793921.27
20121231|133|2|476500000|29756886.55|446743113.45
20121231|134|1|1510000000|707397776.33|802602223.67
20121231|134|2|302000000|7621993.03|294378006.97
20121231|135|1|2320000000|1472919237.54|847080762.46
20121231|135|2|464000000|79608120.1|384391879.9
20121231|136|1|2410000000|196394.33|2409803605.67
20121231|136|2|482000000|0|482000000
20121231|137|1|2000000000|486241690.32|1513758309.68
20121231|137|2|400000000|5942153.45|394057846.55
20121231|138|1|1500000000|1551892.16|1498448107.84
20121231|138|2|300000000|0|300000000
20121231|139|1|1507000000|1085538433.7|421461566.3
20121231|139|2|301400000|20857385.66|280542614.34
20121031||1|0|18064631762.46|-18064631762.46
20121031||2|0|6058791996.56|-6058791996.56
20121031|1|1|2567000000|543972660.57|2023027339.43
20121031|1|2|641750000|1891347.94|639858652.06
20121031|2|1|1943000000|1019483078.48|923516921.52
20121031|2|2|485750000|64908191.39|420841808.61
20121031|3|1|1568000000|886164341.09|681835658.91
20121031|3|2|392000000|2904648.46|389095351.54
20121031|4|1|1300000000|288053328.49|1011946671.51
20121031|4|2|325000000|28782571.24|296217428.76
20121031|5|1|1284000000|802924075.75|481075924.25
20121031|5|2|321000000|42642140.92|278357859.08
20121031|6|1|1461000000|532489147.03|928510852.97
20121031|6|2|365250000|4234365.98|361015634.02
20121031|7|1|1493000000|605645783.93|887354216.07
20121031|7|2|298600000|33463848.33|265136151.67
20121031|8|1|3059000000|1131539037.75|1927460962.25
20121031|8|2|611800000|346238676.09|265561323.91
20121031|9|1|1355000000|331192807.69|1023807192.31
20121031|9|2|271000000|62541617.82|208458382.18
20121031|10|1|2679000000|1289955993.09|1389044006.91
20121031|10|2|535800000|231811007.38|303988992.62
20121031|11|1|1811000000|907840297.64|903159702.36
20121031|11|2|362200000|246156242.72|116043757.28
20121031|12|1|1750000000|646917327.72|1103082672.28
20121031|12|2|350000000|380916421.54|-30916421.54
20121031|13|1|2361000000|924926329.66|1436073670.34
20121031|13|2|472200000|798845378.02|-326645378.02
20121031|14|1|1475000000|638089362.16|836910637.84
20121031|14|2|295000000|50253063.51|244746936.49
20121031|15|1|2042000000|327877857.24|1714122142.76
20121031|15|2|408400000|50811063.38|357588936.62
20121031|16|1|2854000000|1656810974.4|1197189025.6
20121031|16|2|570800000|7442456.64|563357543.36
20121031|17|1|1675000000|698935983.46|976064016.54
20121031|17|2|335000000|13812932.02|321187067.98
20121031|18|1|1998000000|415362239.8|1582637760.2
20121031|18|2|399600000|5368685.41|394231314.59
20121031|19|1|1721000000|353906358.21|1367093641.79
20121031|19|2|344200000|24634577.24|319565422.76
20121031|20|1|1549000000|1213417868.87|335582131.13
20121031|20|2|309800000|209137501.62|100662498.38
20121031|21|1|1668000000|597484666.7|1070515333.3
20121031|21|2|333600000|203088771.02|130511228.98
20121031|22|1|1973000000|1299666985.2|673333014.8
20121031|22|2|394600000|2981625.23|391618374.77
20121031|23|1|1272000000|357632500.73|914367499.27
20121031|23|2|254400000|1019880.31|253380119.69
20121031|24|1|1792000000|1604523262.2|187476737.8
20121031|24|2|358400000|10117037.77|348282962.23
20121031|25|1|1518000000|635932231.14|882067768.86
20121031|25|2|303600000|1788564.98|301811435.02
20121031|26|1|2376000000|1499651469.77|876348530.23
20121031|26|2|475200000|2855685722.37|-2380485722.37
20121031|27|1|1775000000|467441521.17|1307558478.83
20121031|27|2|355000000|5737521.86|349262478.14
20121031|28|1|3237000000|3897864946.69|-660864946.69
20121031|28|2|647400000|676460839.98|-29060839.98
20121031|29|1|1495000000|666225174.82|828774825.18
20121031|29|2|299000000|21307079.23|277692920.77
20121031|30|1|1561000000|379896625.25|1181103374.75
20121031|30|2|312200000|1062364.88|311137635.12
20121031|31|1|3462000000|2750852801.78|711147198.22
20121031|31|2|692400000|2250907.81|690149092.19
20121031|32|1|1913000000|1754213945.22|158786054.78
20121031|32|2|382600000|4552761.57|378047238.43
20121031|33|1|2248000000|723855333.65|1524144666.35
20121031|33|2|449600000|266996425.35|182603574.65
20121031|34|1|2003000000|962310244.29|1040689755.71
20121031|34|2|400600000|2156911.58|398443088.42
20121031|35|1|3278000000|524163562.15|2753836437.85
20121031|35|2|655600000|14163203.99|641436796.01
20121031|36|1|7114000000|0|7114000000
20121031|36|2|711400000|0|711400000
20121031|37|1|13299000000|5417486321.07|7881513678.93
20121031|37|2|0|262186.74|-262186.74
20121031|38|1|2485000000|1732937638.26|752062361.74
20121031|38|2|8970850000|3806771941.94|5164078058.06
20121031|39|1|1720000000|210712794.68|1509287205.32
20121031|39|2|6209200000|35462512.23|6173737487.77
20121031|40|1|1795000000|828908423.08|966091576.92
20121031|40|2|6479950000|1197280230.1|5282669769.9
20121031|41|1|1416000000|6053067650.11|-4637067650.11
20121031|41|2|5111760000|0|5111760000
20121031|42|1|907000000|102123637.76|804876362.24
20121031|42|2|3274270000|214871663.52|3059398336.48
20121031|43|1|65053000000|24826568355.99|40226431644.01
20121031|43|2|3252650000|4.58|3252649995.42
20121031|44|1|2265000000|479714140.91|1785285859.09
20121031|44|2|566250000|171905606.63|394344393.37
20121031|45|1|1313000000|718967953.36|594032046.64
20121031|45|2|328250000|73561806.76|254688193.24
20121031|46|1|2197000000|637389782.28|1559610217.72
20121031|46|2|549250000|322246147.92|227003852.08
20121031|47|1|2142000000|430798166.27|1711201833.73
20121031|47|2|535500000|56091817.37|479408182.63
20121031|48|1|1141000000|3902407200.82|-2761407200.82
20121031|48|2|285250000|381762059.24|-96512059.24
20121031|49|1|2516000000|1897404801.82|618595198.18
20121031|49|2|629000000|76606656.62|552393343.38
20121031|50|1|1444000000|547531355.84|896468644.16
20121031|50|2|361000000|112958595.34|248041404.66
20121031|51|1|1026000000|509460231.79|516539768.21
20121031|51|2|256500000|282059053.65|-25559053.65
20121031|52|1|1371000000|611366501.68|759633498.32
20121031|52|2|342750000|87473752.11|255276247.89
20121031|53|1|1340000000|953750701.24|386249298.76
20121031|53|2|335000000|524759531.5|-189759531.5
20121031|54|1|1158000000|185203678.34|972796321.66
20121031|54|2|289500000|29324651.07|260175348.93
20121031|55|1|1599000000|456355659.04|1142644340.96
20121031|55|2|399750000|92305808.63|307444191.37
20121031|56|1|1169000000|298378941.51|870621058.49
20121031|56|2|292250000|8921508.88|283328491.12
20121031|57|1|1106000000|294419033.2|811580966.8
20121031|57|2|276500000|25114962.75|251385037.25
20121031|58|1|1239000000|566989991.03|672010008.97
20121031|58|2|309750000|37844483.24|271905516.76
20121031|59|1|2071000000|1090228036.98|980771963.02
20121031|59|2|517750000|188636243.94|329113756.06
20121031|60|1|1173000000|497828418.88|675171581.12
20121031|60|2|293250000|18177660.1|275072339.9
20121031|61|1|1395000000|518991991.72|876008008.28
20121031|61|2|348750000|4780149.77|343969850.23
20121031|62|1|1245000000|471052343.81|773947656.19
20121031|62|2|311250000|94929968.87|216320031.13
20121031|63|1|1880000000|1522930713.43|357069286.57
20121031|63|2|470000000|245414389.46|224585610.54
20121031|64|1|3191000000|1415594659.5|1775405340.5
20121031|64|2|797750000|51579264.77|746170735.23
20120731|132|1|2562000000|1824947426.36|737052573.64
20120731|132|2|512400000|16582355.43|495817644.57
20120731|133|1|4147000000|2814661638.57|1332338361.43
20120731|133|2|414700000|10905994.1|403794005.9
20120731|134|1|1264000000|730506283.73|533493716.27
20120731|134|2|252800000|18040355.14|234759644.86
20120731|135|1|1881000000|1589750904.51|291249095.49
20120731|135|2|376200000|102320903.7|273879096.3
20120731|136|1|1981000000|369923.44|1980630076.56
20120731|136|2|396200000|0|396200000
20120731|137|1|1481000000|671304191.47|809695808.53
20120731|137|2|296200000|3819981.17|292380018.83
20120731|138|1|1284000000|2021579.13|1281978420.87
20120731|138|2|256800000|0|256800000
20120731|139|1|1221000000|1096685540.11|124314459.89
20120731|139|2|244200000|34825425.28|209374574.72
20120731|140|1|1077000000|484389236.5|592610763.5
20120731|140|2|215400000|5551285.19|209848714.81
20120731|141|1|733000000|341723970.88|391276029.12
20120731|141|2|146600000|3647218.7|142952781.3
20120731|142|1|1145000000|0|1145000000
20120731|142|2|229000000|0|229000000
20120731|143|1|1229000000|766307454.76|462692545.24
20120731|143|2|245800000|33392878.35|212407121.65
20120731|144|1|1253000000|774420292.17|478579707.83
20120731|144|2|250600000|6082874.49|244517125.51
20120731|145|1|1063000000|474167610.29|588832389.71
20120731|145|2|212600000|22723908.06|189876091.94
20120731|146|1|971000000|507724672.34|463275327.66
20120731|146|2|194200000|26028884.91|168171115.09
20120731|147|1|683000000|372534571.01|310465428.99
20120731|147|2|136600000|12715686.05|123884313.95
20120731|148|1|1339000000|3520.2|1338996479.8
20120731|148|2|267800000|0|267800000
20120731|149|1|1138000000|333455193.44|804544806.56
20120731|149|2|227600000|4645411.94|222954588.06
20120731|150|1|701000000|339109269.32|361890730.68
20120731|150|2|140200000|8348892.33|131851107.67
20120731|151|1|1445000000|939837428.03|505162571.97
20120731|151|2|289000000|5286633.93|283713366.07
20120731|152|1|1582000000|1005900802.67|576099197.33
20120731|152|2|395500000|140132520.08|255367479.92
20120731|153|1|2276000000|888052756.02|1387947243.98
20120731|153|2|569000000|125338493.71|443661506.29
20120731|154|1|1134000000|923443672.54|210556327.46
20120731|154|2|283500000|55736471.99|227763528.01
20120731|155|1|977000000|478344599.54|498655400.46
20120731|155|2|244250000|845276.83|243404723.17
20120731|156|1|1312000000|633732584.13|678267415.87
20120731|156|2|328000000|16970276.6|311029723.4
20120731|157|1|1097000000|668147012.64|428852987.36
20120731|157|2|274250000|137629900.89|136620099.11
20120731|158|1|904000000|1362451523.51|-458451523.51
20120731|158|2|226000000|471657841.1|-245657841.1
20120731|159|1|1381000000|1766411526.4|-385411526.4
20120731|159|2|345250000|17958183.21|327291816.79
20120731|160|1|1994000000|557082034.97|1436917965.03
20120731|160|2|498500000|2471438.84|496028561.16
20120731|161|1|40013000000|23642047963.81|16370952036.19
20120731|161|2|4001300000|51299192.56|3950000807.44
